-1.06143922266832
-1.08394253584995
-1.10647781253045
-1.12917008963239
-1.15226780357208
-1.17616770672637
-1.20142607255746
-1.22874790275548
-1.25894814211715
-1.29288345395142
-1.33135919531124
-1.37502252151602
-1.42425737938655
-1.47909900558125
-1.53918360477873
-1.60374337978258
-1.67164932891242
-1.74149616802008
-1.81171728833795
-1.88071407379824
-1.94698346132328
-2.00922978353163
-2.06645067912065
-2.11799115413073
-2.16356394473214
-2.20323773709068
-2.23739740819523
-2.26668230612245
-2.29190978808085
-2.3139918531156
-2.33385276032163
-2.35235498697646
-2.37023972952824
-2.38808641317971
-2.40629347589013
-2.42508025564209
-2.44450743575318
-2.46451150832458
-2.48494736639286
-2.50563259270445
-2.52638731139074
-2.54706452354352
-2.56756748657364
-2.58785269852666
-2.60791917270733
-2.62778669801602
-2.64746745331671
-2.66693648092873
-2.68610696497472
-2.7048159054624
-2.72282461307821
-2.73983655631263
-2.75553265305744
-2.76962137153025
-2.78189829192264
-2.7923073925052
-2.80099456595826
-2.80834304083592
-2.81498078201273
-2.82175187662358
-2.82964762802461
-2.83969864008831
-2.85283624124198
-2.86973922952408
-2.89068850141625
-2.91545561659743
-2.94324991358216
-2.97274165958915
-3.00216684732842
-3.02950528893174
-3.05271106013178
-3.06996604337867
-3.07992464861654
-3.0819202967533
-3.07611029177618
-3.06354341811309
-3.04614264488847
-3.02660315208151
-3.00821355048205
-2.99461578651702
-2.989526537073
-2.99644892234612
-3.01840647553607
-3.05772981904302
-3.11591955018762
-3.19359718721292
-3.29054214835373
-3.40580005933661
-3.53783923648874
-3.68472944561068
-3.84431955433573
-4.01439665834435
-4.19281642622732
-4.37760094042978
-4.56700518367087
-4.75955627680083
-4.95407087348485
-5.14965623756416
-5.34569995563965
-5.54185235427007
-0.90688949188233
-0.94862546452088
-0.990375967825817
-1.03219739742396
-1.07420115507936
-1.11656430297335
-1.15953427633963
-1.20342428678849
-1.24859701615048
-1.29543598193095
-1.34430624598506
-1.39550845760863
-1.44923203188418
-1.50551410778429
-1.56421056309591
-1.62498382493528
-1.68730982414841
-1.7505037060284
-1.81376137924258
-1.87621210745548
-1.93697636963168
-1.99522315462097
-2.05022155033581
-2.10138267540684
-2.14828940567209
-2.19071274101605
-2.228614887521
-2.26214011822751
-2.2915952026484
-2.31742167396762
-2.3401624607883
-2.36042547563768
-2.37884664964744
-2.39605465385924
-2.41263917661474
-2.42912416488164
-2.44594692653207
-2.46344348063445
-2.48184008699346
-2.50125053217707
-2.52167852981822
-2.54302451839324
-2.56509619480144
-2.58762226852977
-2.61026910449693
-2.63266008234231
-2.65439758012985
-2.67508744894996
-2.69436565884992
-2.71192646463665
-2.72755098230333
-2.74113452269794
-2.75271045675479
-2.76246786348826
-2.77075983639365
-2.7780992164154
-2.78513881874868
-2.79263406770861
-2.80138746042265
-2.81217647674735
-2.82566932504663
-2.84233594534833
-2.86236444985493
-2.88559497592934
-2.91148306512362
-2.93910268930066
-2.96719488554121
-2.99426215336299
-3.0187023140291
-3.03896966039897
-3.05374702691627
-3.06211052412773
-3.06366918120823
-3.05866422983771
-3.04801664098581
-3.03331624218223
-3.01675094169958
-3.0009800855878
-2.98896160550366
-2.98374801793468
-2.98827081363009
-3.00513534284609
-3.03644795684903
-3.08369334663912
-3.14767302337932
-3.22850699627102
-3.32569187572278
-3.43820181789434
-3.56461520050428
-3.70324989840392
-3.85229277966713
-4.00991332395157
-4.17435582160573
-4.3440085335967
-4.51745102712651
-4.69348259065871
-4.87113535918069
-5.04967582637552
-5.22859805958898
-5.40761138359198
-0.798887129667095
-0.853278639236246
-0.90767568689374
-0.962099476922656
-1.01659134768639
-1.07121598894858
-1.12606208359038
-1.18123913525647
-1.23686965768232
-1.2930766007841
-1.34996674903772
-1.40761167384533
-1.46602847109116
-1.52516282399328
-1.58487682838623
-1.64494351863139
-1.70504923272902
-1.7648040029217
-1.82375921697386
-1.88143100864814
-1.93732730003907
-1.99097617191901
-2.04195326623835
-2.08990617436183
-2.13457416383784
-2.17580207306678
-2.21354769647095
-2.24788244965077
-2.27898551944595
-2.30713205717925
-2.33267626336641
-2.35603044181051
-2.37764127349477
-2.39796467712863
-2.41744068178808
-2.43646973386841
-2.45539179118492
-2.47446941900714
-2.49387589754309
-2.51368908471766
-2.53389146450082
-2.55437646674607
-2.57496078940378
-2.59540210805099
-2.61542123839003
-2.63472753778164
-2.65304609999925
-2.67014511691304
-2.68586165321475
-2.70012400791666
-2.71296882588392
-2.7245511882363
-2.73514607556096
-2.74513989483289
-2.75501122693186
-2.76530062028318
-2.77657014429788
-2.78935450740501
-2.80410677193878
-2.82114293451268
-2.84059069992712
-2.86234843643461
-2.88606034231391
-2.91111311886272
-2.93665788396114
-2.9616587656852
-2.98496682022763
-3.00541496254156
-3.02192687009105
-3.03363068816919
-3.03996711394875
-3.04078122381527
-3.03638825766303
-3.02760540016737
-3.01574425769242
-3.00256205324754
-2.99017336372915
-2.98092825709607
-2.97726658656277
-2.98156144609882
-2.99596675928307
-3.02228407328189
-3.061861534406
-3.11553387328457
-3.1836067096614
-3.26588268586548
-3.36172202395717
-3.47012696045514
-3.58983849903615
-3.71943482866841
-3.85742298148416
-4.00231811509162
-4.15270755488238
-4.30729900067118
-4.46495390644954
-4.62470798821387
-4.78578121935454
-4.94757969302836
-5.10969151651736
-5.27187857360138
-0.764839408546451
-0.824178069276969
-0.883517983874803
-0.94286368204149
-1.00222342237064
-1.0616089621101
-1.12103425755926
-1.18051278781571
-1.24005337416533
-1.29965462389331
-1.35929841335724
-1.41894308188175
-1.47851717980339
-1.53791466200323
-1.59699232891315
-1.65557010358965
-1.71343443156289
-1.77034474845752
-1.82604262989681
-1.88026296273649
-1.93274628624499
-1.98325136009628
-2.03156702131913
-2.0775224813334
-2.12099536668863
-2.16191700060699
-2.20027463571802
-2.23611056369022
-2.26951823127142
-2.30063567496358
-2.32963674170741
-2.35672068614326
-2.38210082305235
-2.40599296393292
-2.42860437733182
-2.4501239823114
-2.47071441331471
-2.4905064845234
-2.50959643662422
-2.52804617512747
-2.54588651561673
-2.56312324782137
-2.57974562837234
-2.59573672280053
-2.61108485143859
-2.62579526104475
-2.63990105274916
-2.6534723550626
-2.66662274548665
-2.67951200290824
-2.69234442241833
-2.70536215041976
-2.71883330412219
-2.73303502367888
-2.74823205668924
-2.76465197129383
-2.78245859962195
-2.80172577838831
-2.82241381835905
-2.84435133649049
-2.86722506768233
-2.89057999827502
-2.9138316172083
-2.93629127912818
-2.95720466042002
-2.97580212987606
-2.9913586319395
-3.00325948635717
-3.01106745116609
-3.01458559765529
-3.01391013563427
-3.00946742666311
-3.00203012324679
-2.99270871138346
-2.98291667813752
-2.974309954951
-2.96870398577215
-2.96797442543632
-2.97394970035469
-2.98830504931554
-3.01246786260695
-3.04754298454306
-3.09426423498629
-3.15297512332013
-3.22363816955056
-3.30586906508169
-3.39898963133716
-3.50209244368026
-3.61411006283878
-3.73388280131967
-3.86022047159252
-3.99195523836107
-4.12798423523864
-4.26730183226051
-4.40902229332708
-4.55239406254057
-4.69680713198336
-4.84179495254418
-4.98703223076969
-5.13232977023393
-0.783807037291146
-0.842377445804259
-0.900947901467775
-0.95951835387952
-1.01808820772084
-1.07665550036543
-1.13521559947437
-1.19375936195862
-1.25227077155962
-1.31072416690184
-1.36908126818512
-1.42728828950331
-1.48527346835659
-1.54294534384633
-1.60019206830857
-1.65688195019127
-1.71286531184556
-1.7679776212168
-1.82204373811401
-1.8748830181532
-1.92631495046517
-1.97616497341609
-2.02427011549192
-2.07048414174544
-2.11468194280496
-2.15676297524375
-2.1966536409981
-2.23430857229324
-2.26971086135818
-2.30287133678654
-2.33382703788261
-2.36263907311352
-2.38939006824401
-2.41418141398107
-2.4371305126844
-2.45836820003198
-2.4780364819903
-2.49628668192815
-2.51327803954259
-2.52917674517439
-2.54415533326651
-2.55839230078451
-2.57207176438444
-2.58538292828137
-2.59851910757478
-2.61167604356601
-2.62504926229423
-2.63883026826069
-2.65320143397126
-2.66832954256338
-2.68435806311954
-2.70139838124828
-2.71952036305818
-2.73874278774865
-2.75902432926322
-2.78025588593631
-2.80225513392106
-2.82476420210887
-2.84745132307781
-2.86991720043615
-2.89170664651584
-2.9123257886558
-2.93126482319034
-2.94802592113124
-2.96215546652229
-2.97327934740709
-2.98113953576083
-2.98562971452287
-2.98682728520971
-2.98501879129694
-2.98071571373265
-2.97465783283227
-2.96780198068756
-2.96129505402416
-2.95643156791185
-2.95459766904281
-2.95720517920036
-2.96562064220036
-2.9810952374341
-3.00470159570697
-3.03728292076505
-3.07941844888532
-3.13140738789407
-3.19327139192399
-3.26477370361761
-3.34545162779308
-3.43465816311725
-3.5316084374451
-3.63542696733532
-3.74519251398795
-3.85997823681398
-3.97888577810017
-4.10107272574194
-4.2257735313998
-4.35231439324277
-4.48012286371627
-4.60873304919325
-4.73778727066795
-4.86703499048993
-4.9963297100483
-0.815486606786682
-0.872583988042391
-0.929681113480414
-0.986776797674134
-1.04386828193745
-1.1009503123549
-1.15801390661784
-1.21504481015513
-1.27202168578455
-1.32891412910994
-1.38568064635404
-1.44226676444934
-1.4986034588638
-1.55460607953682
-1.61017392955658
-1.66519060811082
-1.71952517443837
-1.77303412985615
-1.82556415729307
-1.87695550796107
-1.92704588696433
-1.9756746659305
-2.02268724137016
-2.06793936108772
-2.11130125514617
-2.15266142963487
-2.19193000770321
-2.22904153016407
-2.26395715508262
-2.29666622039124
-2.32718715456453
-2.35556773716387
-2.38188472350628
-2.40624285608623
-2.42877329021621
-2.44963146338195
-2.4689944378906
-2.48705774546783
-2.50403176151787
-2.52013763679882
-2.53560281625438
-2.55065617958576
-2.56552284661419
-2.58041870314423
-2.59554472017177
-2.61108116079783
-2.62718179456489
-2.6439682670806
-2.66152480217141
-2.67989344237833
-2.69907005896697
-2.71900138216594
-2.73958331347292
-2.76066078220639
-2.78202939609671
-2.80343910923322
-2.82460008934557
-2.84519090993236
-2.86486912118259
-2.88328416696503
-2.90009251303213
-2.91497473304047
-2.92765416245898
-2.93791657419236
-2.94563015308117
-2.95076485190651
-2.95341000839525
-2.9537889112791
-2.95226885865292
-2.94936520353468
-2.94573798811084
-2.94218008264322
-2.93959629525755
-2.93897368833343
-2.94134425416768
-2.94774204327349
-2.95915764714365
-2.97649345786886
-3.00052324176689
-3.03185922500322
-3.07092913414072
-3.11796458269305
-3.17300101954596
-3.23588834405324
-3.30631040524935
-3.38381103931318
-3.4678240887851
-3.55770495278333
-3.65276155909191
-3.75228312775076
-3.85556561776467
-3.96193324003578
-4.07075583342143
-4.18146221526797
-4.29354983130692
-4.40659115392485
-4.52023733056242
-4.63421958491893
-4.74834884064902
-4.86251398500313
-0.932620172686258
-0.983296186207567
-1.0339719402825
-1.08464628604737
-1.13531664512492
-1.1859782727219
-1.23662331344493
-1.28723966313902
-1.33780967813392
-1.38830880177468
-1.43870420271474
-1.48895353627667
-1.53900394647553
-1.58879142083908
-1.63824059339787
-1.68726506506987
-1.7357682780895
-1.78364494560978
-1.83078300260736
-1.87706601275865
-1.92237594029246
-1.96659617732924
-2.009614706372
-2.05132727413498
-2.09164045592737
-2.13047449813375
-2.1677658385835
-2.20346921943501
-2.23755932342105
-2.27003188094054
-2.30090421183082
-2.33021518125846
-2.3580245638011
-2.38441182341314
-2.40947432966297
-2.43332504256416
-2.456089709693
-2.47790363026894
-2.49890805160152
-2.51924627382719
-2.53905954912347
-2.55848287144206
-2.57764076198608
-2.5966431638152
-2.61558156566546
-2.63452547984553
-2.65351940143337
-2.67258037549453
-2.69169629528883
-2.71082504713919
-2.72989460663451
-2.74880417607977
-2.76742643464296
-2.78561095060115
-2.80318877958024
-2.819978243778
-2.83579185477525
-2.85044430638089
-2.86376142346443
-2.87558990707753
-2.88580766432191
-2.89433445232124
-2.90114249853879
-2.90626668465203
-2.90981380008957
-2.91197028898667
-2.91300784013321
-2.91328611900521
-2.91325193640325
-2.91343421659174
-2.91443429534408
-2.91691136102453
-2.9215632450831
-2.92910323903995
-2.94023410162446
-2.95562084167857
-2.97586413783285
-3.00147632217874
-3.03286168593302
-3.07030247857931
-3.11395142718693
-3.1638309855104
-3.21983892620487
-3.28175939464342
-3.34927820299333
-3.42200097887539
-3.49947278366874
-3.58119794835321
-3.66665909517596
-3.75533457575888
-3.84671382148576
-3.940310341803
-4.03567230372724
-4.13239077488174
-4.23010581391886
-4.32851065216092
-4.42735423694937
-4.52644240922838
-4.62563797327255
-4.72485989182887
-1.06744384658971
-1.11026673217585
-1.15308949811864
-1.19591161517843
-1.23873189629855
-1.28154815755197
-1.32435678251751
-1.36715219459088
-1.40992625389702
-1.45266760792914
-1.49536103600328
-1.53798683545646
-1.58052030103455
-1.62293134752872
-1.66518431949453
-1.70723802148729
-1.74904598877451
-1.79055700330102
-1.83171584419697
-1.87246424763608
-1.91274203843094
-1.95248838614151
-1.99164313208714
-2.03014813059095
-2.06794854788778
-2.10499406503675
-2.14123993641768
-2.17664786242118
-2.21118664322657
-2.24483258960271
-2.27756967602845
-2.30938943075716
-2.34029056646587
-2.37027836363083
-2.39936382661611
-2.427562639558
-2.45489395541777
-2.4813790570235
-2.50703993350635
-2.53189781923789
-2.55597174517547
-2.57927715439958
-2.60182463455481
-2.62361881985884
-2.64465751429152
-2.66493108549465
-2.68442217577717
-2.70310577240978
-2.72094967408693
-2.73791538400828
-2.75395945245317
-2.76903528293819
-2.78309540598357
-2.79609421305468
-2.80799113023731
-2.81875419644803
-2.82836399423583
-2.83681786223298
-2.8441342968075
-2.85035742626949
-2.85556141405886
-2.85985461795895
-2.86338330129133
-2.86633466076106
-2.86893890674951
-2.8714701095337
-2.87424551523832
-2.87762304654903
-2.88199674527951
-2.88778999673332
-2.89544650608957
-2.90541917375726
-2.91815722720907
-2.9340921858595
-2.9536234280694
-2.97710425803207
-3.00482940510798
-3.0370248148809
-3.0738404157377
-3.11534629212525
-3.16153240382401
-3.21231170181564
-3.26752624318124
-3.32695572634072
-3.39032776603128
-3.45732920326877
-3.52761778715366
-3.60083365465205
-3.6766101515026
-3.75458366394559
-3.83440225261541
-3.91573298690315
-3.99826796508321
-4.08172907090745
-4.16587156226124
-4.25048661452945
-4.33540295397611
-4.42048771825406
-4.50564667540029
-4.59082392209951
-1.12138915516802
-1.16137890073389
-1.20136859516089
-1.24135801082593
-1.28134663401646
-1.32133351274713
-1.36131705722187
-1.40129479187715
-1.44126306258618
-1.48121670760592
-1.52114870554723
-1.56104981741813
-1.60090824214172
-1.6407093056013
-1.68043520216046
-1.72006480490493
-1.75957355688308
-1.79893345081717
-1.83811309959193
-1.87707789475927
-1.91579024571979
-1.95420988845496
-1.99229424988274
-2.02999885218368
-2.06727774079159
-2.10408392008303
-2.1403697820012
-2.17608751474619
-2.21118948107457
-2.24562855849818
-2.27935843658883
-2.31233386953576
-2.34451088494518
-2.37584695252044
-2.40630111864523
-2.43583411496279
-2.464408450771
-2.49198850042134
-2.5185405979162
-2.54403315154704
-2.5684367917147
-2.59172456503254
-2.61387218744094
-2.63485836836477
-2.6546652169234
-2.67327873984949
-2.69068943907508
-2.70689301487831
-2.7218911780196
-2.73569257139172
-2.74831379831326
-2.75978055065128
-2.77012882540362
-2.77940621313877
-2.78767323572117
-2.79500470399641
-2.80149105855259
-2.80723964833737
-2.81237589288537
-2.81704426439129
-2.82140901617873
-2.82565457478348
-2.82998550465627
-2.83462594847889
-2.83981844375637
-2.84582201964936
-2.85290948941026
-2.86136387617935
-2.87147394622977
-2.88352887617374
-2.89781214914493
-2.91459485584476
-2.93412866119982
-2.95663877359803
-2.98231730662818
-3.011317439916
-3.04374875837898
-3.07967407823888
-3.11910796187462
-3.16201699678137
-3.20832178408507
-3.25790046587223
-3.31059353068755
-3.36620957993953
-3.42453171583267
-3.48532422018881
-3.54833922634107
-3.61332313501
-3.68002258166797
-3.74818982052005
-3.81758744376018
-3.88799240093214
-3.95919932042285
-4.03102316304259
-4.10330125691804
-4.17589477470238
-4.24868971979736
-4.32159748931781
-4.39455507922869
-4.46752499257548
-1.2509420384711
-1.2866050866581
-1.32226810405238
-1.35793095246951
-1.3935933175749
-1.42925461159412
-1.46491384288227
-1.50056944952157
-1.53621909656259
-1.5718594393803
-1.6074858585594
-1.64309217442428
-1.67867035150477
-1.7142102046764
-1.74969911933194
-1.78512179772569
-1.82046004266529
-1.85569258815063
-1.89079498455527
-1.92573954370285
-1.96049534688898
-1.99502831669502
-2.02930135145509
-2.06327451955742
-2.09690530943438
-2.13014893013821
-2.16295865680189
-2.19528621501627
-2.22708219817076
-2.25829651205567
-2.28887884145234
-2.31877913399191
-2.34794809719222
-2.3763377052421
-2.40390171275384
-2.43059617331614
-2.45637996122613
-2.48121529523829
-2.50506826352667
-2.52790934930095
-2.54971395663872
-2.57046293608765
-2.59014310944689
-2.60874779285027
-2.6262773168398
-2.64273954152991
-2.65815036421495
-2.67253421585739
-2.68592454180577
-2.69836426082408
-2.70990619506475
-2.72061346198494
-2.7305598173975
-2.73982993687693
-2.74851962063287
-2.75673590476011
-2.76459705953652
-2.77223245325545
-2.77978225806679
-2.78739697261959
-2.79523673515517
-2.80347040035545
-2.81227435403366
-2.82183104206815
-2.83232719431282
-2.84395173115456
-2.85689335059868
-2.87133780795393
-2.88746491893588
-2.90544534044046
-2.92543721055964
-2.94758275841897
-2.97200502133716
-2.99880482669115
-3.02805820363945
-3.05981438171741
-3.09409450802155
-3.13089117414562
-3.1701687929812
-3.21186481050756
-3.25589168568029
-3.30213952837244
-3.35047925495647
-3.40076610514881
-3.45284336163769
-3.5065461236322
-3.56170500373292
-3.6181496410872
-3.67571194954767
-3.73422904495802
-3.79354581890355
-3.8535171461493
-3.91400972902062
-3.97490359410872
-4.03609326518509
-4.09748864155566
-4.15901561383985
-4.22061644989134
-4.28224998281809
-4.3438916312696
-1.53986424891026
-1.56550169660407
-1.59113913057957
-1.61677648872309
-1.64241362859645
-1.66805028154232
-1.6936859901113
-1.71932002677294
-1.74495129290688
-1.7705781983729
-1.7961985234019
-1.8218092659897
-1.84740647927635
-1.87298510444302
-1.89853880538134
-1.92405981174917
-1.94953877702295
-1.97496465782015
-2.00032462015044
-2.02560397742404
-2.05078616407377
-2.0758527475985
-2.10078348077322
-2.12555639474419
-2.15014793277631
-2.17453312357075
-2.19868579234167
-2.22257880723691
-2.2461843582098
-2.26947426508948
-2.29242031134512
-2.31499459988067
-2.33716992711632
-2.35892017159324
-2.38022069336567
-2.40104874050119
-2.42138385908482
-2.44120830320065
-2.46050744143638
-2.47927015651128
-2.49748923465929
-2.51516174139915
-2.53228938028852
-2.54887883118513
-2.56494206442276
-2.58049662715357
-2.59556589791118
-2.61017930521387
-2.62437250575857
-2.63818751746094
-2.65167280228264
-2.66488329346662
-2.67788036148818
-2.69073171274349
-2.70351121475926
-2.71629864154506
-2.72917933265626
-2.74224375962847
-2.7555869937295
-2.76930806950574
-2.78350923943694
-2.79829511622999
-2.81377170096054
-2.83004529750933
-2.84722131665299
-2.86540297689103
-2.88468991377717
-2.90517671532613
-2.92695140808559
-2.95009392662233
-2.97467460806496
-3.00075276208474
-3.02837537388771
-3.05757600172343
-3.0883739294658
-3.1207736279481
-3.15476456588045
-3.19032139340192
-3.22740450060885
-3.2659609322406
-3.30592562054745
-3.34722288317963
-3.38976812292031
-3.4334696615947
-3.47823064114663
-3.52395092977623
-3.57052897899854
-3.61786358727295
-3.66585553634382
-3.7144090767093
-3.76343324804144
-3.81284302850532
-3.86256031357516
-3.91251473009353
-3.96264429505799
-4.01289593111037
-4.06322585214716
-4.11359983307204
-4.16399337767057
-4.21439179807823
