13.8989615019521
13.6573146828211
13.415622696656
13.1737985665465
12.9327528400896
12.6938709904205
12.4586881727134
12.2287563009819
12.0055847585129
11.7906013405024
11.5851211326499
11.3903214486472
11.2072219901461
11.0366692686283
10.8793244175105
10.7356538288463
10.6059224407845
10.4901898617524
10.3883097856165
10.2999333171513
10.2245168879098
10.1613353913545
10.1095009766315
10.0679876317262
10.0356613096466
10.0113149226649
9.99370710102478
9.98160319321821
9.97381659701738
9.96924821428659
9.96692170522433
9.9660123419296
9.96586763329872
9.9660183688687
9.96617924686296
9.96623885288292
9.96623933365837
9.96634693802213
9.96681548977304
9.96794568662663
9.97004377388173
9.97338346824363
9.97817470927217
9.98454158370089
9.99250969915006
10.0020012160374
10.0128349044642
10.0247295490832
10.0373109555001
10.050124106549
10.0626517777465
10.0743394734638
10.0846248910433
10.0929689953396
10.098885475265
10.1019658012483
10.1018979849748
10.0984780093493
10.091613470312
10.081319299794
10.0677057912942
10.0509597132883
10.0313199777647
10.0090498237223
9.9844075572484
9.95761774367366
9.92884494211146
9.89817301033094
9.865594195755
9.83101230618671
9.79426225011469
9.75514409439026
9.71346665519224
9.66909354003531
9.62198401408667
9.57222136082016
9.5200179705734
9.46568061608398
9.40951582396825
9.35166215483228
9.29185883534483
9.22919382989407
9.16190439681951
9.08731535018308
9.00199402469289
8.90218914842705
8.78461235566111
8.64760113175401
8.49263368723527
8.32602500737056
8.16044230640144
8.01568939340986
7.91806613802322
7.89761138055203
7.98294559426719
8.19453322402439
8.53895597458926
9.00919561760111
9.60520227383621
10.458027237258
13.9014676689038
13.6628986984785
13.4241942292181
13.1854623192487
12.9474750771594
12.711415220279
12.4786623008787
12.2506615706999
12.0288491084075
11.8146043125637
11.6092151983093
11.4138512139239
11.2295415450721
11.0571576937712
10.8973995266098
10.7507844125847
10.617639432428
10.4980968644862
10.3920932695225
10.2993725473181
10.2194933403473
10.1518411063872
10.0956450570027
10.0499999590691
10.0138925338735
9.9862318873546
9.96588308703404
9.95170268064519
9.94257465601199
9.93744511328127
9.93535381233929
9.93546080782698
9.9370665921817
9.93962449737765
9.94274451308837
9.94618815174102
9.94985455836959
9.95375873649975
9.95800348390332
9.9627473007306
9.96817103407032
9.97444622128836
9.98170782363438
9.99003319949569
9.99942789774505
10.0098176412189
10.0210453216736
10.0328721859566
10.044983247862
10.0569975415911
10.0684836512288
10.0789801179777
10.0880193154753
10.0951526300338
10.0999745106865
10.1021431694704
10.1013962459098
10.0975603578756
10.0905539758095
10.0803834706017
10.0671325966365
10.0509461525505
10.0320090656683
10.0105225374362
9.98667908391952
9.9606384018284
9.93250621582667
9.90231872116949
9.87003562654108
9.83554450018487
9.79867769655123
9.75924113020055
9.71705251926275
9.67198548980721
9.62401603364302
9.57326630260772
9.52003579619242
9.4648008975122
9.40815364630192
9.35064767414912
9.29253385994861
9.23340690162595
9.17184096176061
9.10514699522546
9.02940874055176
8.93993204497409
8.83217877133922
8.70316948495251
8.55323685626786
8.38789118872158
8.21942086194253
8.06769868701528
7.95952158464892
7.92579616340991
7.99628385807439
8.19273045303058
8.52299580401305
8.98122900546985
9.56710155066938
10.3709634178025
13.9069110315749
13.6708805869924
13.4347766566045
13.1987892328719
12.9635671530284
12.7301048906508
12.4996158808708
12.2734233045891
12.052878641547
11.8393047903259
11.6339561165969
11.4379887206426
11.2524367655176
11.0781929120286
10.9159922375569
10.7663996187461
10.6298007393514
10.5063968895164
10.3962036885739
10.2990538398492
10.2146040108103
10.1423459022766
10.0816215031125
10.0316424098263
9.99151292478816
9.96025644263773
9.93684440638139
9.92022688001921
9.90936356621245
9.90325392585602
9.90096496431133
9.90165526047918
9.90459393819259
9.90917350516458
9.91491579744436
9.92147065933831
9.92860745887517
9.93620007228775
9.94420652022087
9.95264492946034
9.9615678426311
9.97103701836055
9.98110068382719
9.99177470834953
10.0030284687087
10.0147755114921
10.0268687440425
10.0390998977236
10.0512032342378
10.0628635914504
10.0737286761524
10.0834250340793
10.0915765574615
10.0978239389385
10.1018432819901
10.1033621619322
10.1021717340946
10.0981338962631
10.0911829401328
10.0813215408387
10.0686113497056
10.0531588856471
10.0350978402453
10.01456926826
9.99170139446664
9.96659094651587
9.93928806432339
9.90978691513654
9.87802399349023
9.84388545576303
9.80722373009559
9.76788213994133
9.72572497964081
9.68066985959532
9.63271897874401
9.58198560534958
9.52871035531335
9.4732580895809
9.41608086949837
9.35762782921914
9.29818360365901
9.237629001398
9.17514601345774
9.10893434302667
9.03605929279315
8.95259040193642
8.85419035488742
8.7372562666005
8.60060058214198
8.44749626343859
8.28770229536769
8.13883612788423
8.02623920977065
7.98048353851549
8.0321741412472
8.20492541160247
8.50926587543774
8.94232811811922
9.50026916877005
10.213905882665
13.9229102293601
13.690338379588
13.4577536854946
13.2254037529068
12.9938599103861
12.763939844168
12.536638103442
12.3130665842344
12.0944031372971
11.8818460160628
11.6765729267293
11.4797044919782
11.2922724719672
11.1151931500802
10.9492461060793
10.7950583554001
10.6530936376078
10.5236465261736
10.4068409988441
10.3026331259785
10.2108175718635
10.1310376343915
10.0627985536271
10.005483791602
9.95837392446664
9.92066769993938
9.89150470705985
9.86998899291185
9.8552128559305
9.84627996376721
9.84232690198962
9.84254227134637
9.84618252264486
9.85258384905177
9.86116964040284
9.8714532360842
9.88303598426019
9.89560091153077
9.90890260428093
9.92275416971639
9.93701234798592
9.95156195518866
9.96630082441687
9.98112627070758
9.99592386414466
10.0105590212443
10.0248716963935
10.0386743081296
10.0517529330032
10.0638716664517
10.0747798383538
10.0842215001371
10.0919463348733
10.0977209480719
10.1013394175175
10.1026320273999
10.101471268879
10.0977744240292
10.091502333467
10.082654264508
10.0712591409608
10.0573637584609
10.0410189679594
10.0222651317942
10.001118411955
9.97755962222448
9.95152745328035
9.9229178273309
9.89159087274696
9.8573864158517
9.82014789342679
9.77975322870616
9.73614961902919
9.68938752361375
9.63964752250834
9.58725223557421
9.53265427691741
9.47639067223267
9.41899508967673
9.36086286079023
9.30207154451544
9.24217296585231
9.1799917528791
9.11348943785638
9.03977853415496
8.95538953433284
8.85689148751834
8.74192533655077
8.61061325823692
8.46715790294538
8.32127187646004
8.18893552568965
8.0919324795851
8.0557097303135
8.10540748673179
8.26049002224032
8.529374424101
8.90685244627875
9.37957139719647
9.9479929817859
13.9277652528779
13.6955976751006
13.4634577960025
13.2316109039432
13.0005948822519
12.7711751195689
12.544295970687
12.3210304535263
12.1025302102244
11.8899777059983
11.6845422900469
11.487341268054
11.2994066564699
11.121657875359
10.9548803222619
10.7997095609134
10.6566207452395
10.5259228604376
10.4077573745242
10.3021009309463
10.2087717540918
10.1274394680871
10.0576380342636
9.99878148926345
9.95018211450955
9.91107059355766
9.88061762473695
9.8579563628479
9.84220497773195
9.83248855257779
9.82795951390041
9.8278157989325
9.83131603134652
9.83779109447574
9.84665165940714
9.85739143633476
9.86958615986784
9.88288857797704
9.89701996617365
9.91175891032943
9.92692826929392
9.9423813223493
9.95798811391447
9.97362292801695
9.98915367355243
10.004433769121
10.0192969174368
10.0335549730434
10.0469989278191
10.0594028475879
10.0705303809233
10.0801432419033
10.0880108729315
10.0939203546402
10.0976855716201
10.099154676308
10.0982150159112
10.0947948858924
10.0888617320278
10.0804167265315
10.0694859784788
10.0561089885223
10.0403253010027
10.0221606166841
10.0016138789824
9.97864700946268
9.95317901650361
9.9250860961903
9.89420903295579
9.86036862928346
9.82338900903059
9.78312745302275
9.73950799351654
9.69255440762395
9.64241663019629
9.58938312662569
9.53387070765387
9.47638310085365
9.41743103149864
9.35741056211337
9.29644406729538
9.2342003349675
9.16972672150987
9.10134499568221
9.02667977778776
8.94289906857413
8.84724455755649
8.73789591028267
8.61514312576903
8.48273083219014
8.34910211088744
8.22814053184674
8.13893588318562
8.10412983249638
8.14657109816942
8.28437824408684
8.52521833433334
8.86205405841089
9.27557743465454
9.74954677149359
12.9748819536191
12.8580062565378
12.7411507021749
12.6243506212228
12.507654441391
12.391127942685
12.2748570963526
12.1589497265596
12.0435361615668
11.928769041861
11.8148224516496
11.701890528052
11.590185682101
11.4799365409436
11.371385694473
11.2647873045201
11.1604046125425
11.0585073636153
10.9593691509069
10.8632646756299
10.7704669123556
10.6812441681996
10.5958570265383
10.5145551715995
10.4375740994593
10.3651317333412
10.2974249757281
10.2346262452327
10.1768800608523
10.1242997487713
10.0769643562732
10.0349158627655
9.99815677876099
9.96664821953339
9.94030853135957
9.91901253607204
9.90259144611021
9.8908334890678
9.88348526825055
9.88025387310406
9.88080973908254
9.884790239058
9.89180396658642
9.90143564569318
9.91325157557965
9.92680549764221
9.94164476167279
9.95731666789266
9.97337486405871
9.98938567169846
10.0049341963771
10.0196300460197
10.0331124474126
10.0450545246864
10.0551664939042
10.0631975406877
10.0689361853629
10.0722090021235
10.0728776441101
10.0708342340813
10.0659953084318
10.0582946454093
10.0476754562773
10.0340825558977
10.0174552388521
9.9977216498692
9.97479543315085
9.94857535134697
9.91894835499304
9.88579623346777
9.84900548274832
9.80847941069901
9.76415083450506
9.71599310903557
9.66402678628727
9.6083190910538
9.54897377398206
9.48610995813176
9.41983051691617
9.35018343937607
9.27712352294784
9.20048626812265
9.11999032055905
9.03528805048705
8.94608429050104
8.85233898606804
8.75455861709428
8.65416220836662
8.55388023563605
8.45811075896467
8.37312239482972
8.30696876382139
8.26897888284739
8.26873063934066
8.31452143179173
8.41155829367957
8.56048546975038
8.75756535082518
8.99803235544696
9.2752455987492
12.9531166913257
12.8406429643463
12.7281757158627
12.6157353236834
12.5033615804734
12.3911159564822
12.279081560259
12.1673622369032
12.0560815028285
11.9453814643136
11.8354216709679
11.7263778456611
11.6184404668131
11.5118132028212
11.4067112063713
11.3033592760731
11.2019898905753
11.1028411187719
11.0061544094885
10.9121722650038
10.8211358046739
10.7332822276859
10.6488421875498
10.5680370953643
10.4910763741559
10.418154692553
10.3494492124216
10.2851168913978
10.2252918869766
10.1700831134595
10.1195720061851
10.0738105486714
10.0328196172329
9.99658769402858
9.9650699932669
9.93818803666708
9.91582970378531
9.89784977107253
9.88407094102942
9.87428534994729
9.8682565298578
9.86572178782284
9.86639495385738
9.86996943789229
9.87612152685524
9.88451384619963
9.89479890704512
9.90662266058808
9.91962798430751
9.9334580278112
9.94775934875003
9.96218477126605
9.97639590199444
9.99006524283874
10.0028778463843
10.0145324692942
10.0247421913264
10.0332344825
10.039750718327
10.0440451631222
10.0458834645523
10.045040728843
10.0412992749885
10.0344461969821
10.0242708945937
10.0105627651388
9.99310928103533
9.97169471042489
9.94609976901362
9.91610251744736
9.88148083709557
9.84201682746397
9.79750347212969
9.74775391825671
9.69261370478653
9.63197624783633
9.56580183490196
9.49414027580456
9.41715719154377
9.33516367576305
9.24864871677786
9.1583132915029
9.06510439839956
8.97024645132575
8.87526640432068
8.78200776551114
8.69262739351186
8.60956779305239
8.53549664814271
8.47320459189502
8.42545190775196
8.3947562626781
8.38312105072949
8.39172744314899
8.42066832018206
8.46889951658394
8.53468838881539
8.61674052981174
8.71513203069414
8.82731407720998
12.9531043432731
12.8406413275033
12.7281814311044
12.6157449726767
12.5033735384362
12.3911298837789
12.279097602085
12.1673805747428
12.0561022174093
11.9454045375528
11.8354470174884
11.7264053356251
11.6184699367093
11.511844459737
11.4067440301564
11.3033934212502
11.2020250883812
11.1028770792483
11.0061908235336
10.9122088063619
10.8211721318657
10.7333179858656
10.6488770102586
10.568070606168
10.4911081881973
10.4181844180955
10.3494764524862
10.2851412455896
10.2253129535888
10.1701004919408
10.1195853000594
10.0738193689761
10.0328235864821
9.99658645062299
9.96506319623688
9.93817537069818
9.9158108846239
9.89782455155253
9.88403911801951
9.87424677244507
9.8682111082185
9.86566950369941
9.86633586995399
9.86990370636904
9.87604939547048
9.88443566206939
9.89471511880707
9.90653382013528
9.91953474878864
9.93336116158147
9.9476597240301
9.96208336586339
9.97629379260338
9.98996359294152
10.0027778883383
10.0144354805764
10.0246494650407
10.0331472922368
10.0396702775224
10.0439725793163
10.0458196893325
10.0449865046032
10.0412550798217
10.034412189179
10.024246858679
10.0105480623646
9.99310280854883
9.97169487426837
9.94610447617519
9.9161091917084
9.88148646366349
9.84201803344198
9.79749665355106
9.74773542779348
9.69258011447544
9.63192469582548
9.56573045334208
9.49404867881258
9.41704697747959
9.33503886445336
9.24851599491982
9.15818187388506
9.06498522919496
8.97015037519221
8.87520083865214
8.7819713005009
8.692601625195
8.60950558632363
8.53530614043446
8.47272917443435
8.42444914247555
8.39288368367141
8.37994109412251
8.3867353932122
8.4132995297153
8.45834851001175
8.51917076461507
8.59175689334375
8.67130794397676
8.75329717467566
