-1.061450294940509353e+00
-1.083952044949538118e+00
-1.106485763465372196e+00
-1.129176504215832377e+00
-1.152272732222455964e+00
-1.176171237771438616e+00
-1.201428336499974270e+00
-1.228749069820648021e+00
-1.258948413013688761e+00
-1.292883045583579582e+00
-1.331358324461371812e+00
-1.375021389766762692e+00
-1.424256161737091242e+00
-1.479097843776680632e+00
-1.539182604966905288e+00
-1.603742613254287130e+00
-1.671648834542343698e+00
-1.741495955443413735e+00
-1.811717341524596625e+00
-1.880714355183112474e+00
-1.946983916817376148e+00
-2.009230348559194024e+00
-2.066451285439653951e+00
-2.117991736800545421e+00
-2.163564448370662863e+00
-2.203238120599100291e+00
-2.237397647399129497e+00
-2.266682394179151849e+00
-2.291909733901317026e+00
-2.313991678334552216e+00
-2.333852495466452126e+00
-2.352354667441582059e+00
-2.370239391810248453e+00
-2.388086091641973496e+00
-2.406293200166173651e+00
-2.425080048689979950e+00
-2.444507312541104760e+00
-2.464511475139300689e+00
-2.484947420784040517e+00
-2.505632724080416818e+00
-2.526387502250251327e+00
-2.547064751268219407e+00
-2.567567725636432208e+00
-2.587852922915725440e+00
-2.607919358343210092e+00
-2.627786824954532641e+00
-2.647467507573842749e+00
-2.666936455815166696e+00
-2.686106861867533002e+00
-2.704815733959385238e+00
-2.722824390479773538e+00
-2.739836306376257191e+00
-2.755532403995287982e+00
-2.769621153292197935e+00
-2.781898132928810163e+00
-2.792307316142185414e+00
-2.800994587286882886e+00
-2.808343164019913019e+00
-2.814980998924158762e+00
-2.821752166906247528e+00
-2.829647960645765181e+00
-2.839698976167492894e+00
-2.852836537803000283e+00
-2.869739443819076197e+00
-2.890688595581087483e+00
-2.915455562499787323e+00
-2.943249697673403276e+00
-2.972741287292341106e+00
-3.002166346061666768e+00
-3.029504708521796541e+00
-3.052710469432083240e+00
-3.069965522570623939e+00
-3.079924277855358827e+00
-3.081920143112402588e+00
-3.076110397285814813e+00
-3.063543791647834524e+00
-3.046143259670439640e+00
-3.026603948989011972e+00
-3.008214445808474746e+00
-2.994616681912483980e+00
-2.989527329432616565e+00
-2.996449512271508908e+00
-3.018406774228903355e+00
-3.057729754499010522e+00
-3.115919073888482771e+00
-3.193596282021419430e+00
-3.290540837221067161e+00
-3.405798413220395116e+00
-3.537837379115250425e+00
-3.684727552793826799e+00
-3.844317846539429429e+00
-4.014395386722004133e+00
-4.192815853954432903e+00
-4.377601322257007155e+00
-4.567006746989108912e+00
-4.759559207140052095e+00
-4.954075306491099617e+00
-5.149662258422953443e+00
-5.345707605909110427e+00
-5.541861645326142671e+00
-9.068921471049220528e-01
-9.486277737691503065e-01
-9.903779319753637234e-01
-1.032199020315647031e+00
-1.074202445670885409e+00
-1.116565277153357405e+00
-1.159534957978558989e+00
-1.203424707706860719e+00
-1.248597214910201147e+00
-1.295436001628999412e+00
-1.344306131456598719e+00
-1.395508252548214312e+00
-1.449231776345425882e+00
-1.505513836354033019e+00
-1.564210303833010185e+00
-1.624983598990194622e+00
-1.687309645883665832e+00
-1.750503583449141587e+00
-1.813761314597557517e+00
-1.876212097944303325e+00
-1.936976408218614498e+00
-1.995223230984983775e+00
-2.050221651976027015e+00
-2.101382788880291397e+00
-2.148289517887801203e+00
-2.190712840466590539e+00
-2.228614965316020324e+00
-2.262140168808692842e+00
-2.291595224107296769e+00
-2.317421667944338015e+00
-2.340162431985973956e+00
-2.360425431033640109e+00
-2.378846597509733041e+00
-2.396054602686730206e+00
-2.412639134113513606e+00
-2.429124137075272305e+00
-2.445946917083517747e+00
-2.463443490435912597e+00
-2.481840114058717184e+00
-2.501250571848045556e+00
-2.521678575273568867e+00
-2.543024561421435514e+00
-2.565096226775357646e+00
-2.587622281496145593e+00
-2.610269092274927871e+00
-2.632660041513251947e+00
-2.654397510797287474e+00
-2.675087355158185076e+00
-2.694365548570695879e+00
-2.711926349270411762e+00
-2.727550875691235444e+00
-2.741134439702551440e+00
-2.752710411532357071e+00
-2.762467867634545549e+00
-2.770759897184438270e+00
-2.778099335370601608e+00
-2.785138990719286500e+00
-2.792634280622788179e+00
-2.801387695746656803e+00
-2.812176710641743238e+00
-2.825669530150752173e+00
-2.842336093114476991e+00
-2.862364513364607177e+00
-2.885594933119646210e+00
-2.911482902285732255e+00
-2.939102404552317971e+00
-2.967194491738692985e+00
-2.994261679688336120e+00
-3.018701805404730099e+00
-3.038969174082900349e+00
-3.053746626170963374e+00
-3.062110269635602844e+00
-3.063669121676264595e+00
-3.058664393679582094e+00
-3.048017030863498178e+00
-3.033316833510362631e+00
-3.016751685186169762e+00
-3.000980912882552420e+00
-2.988962436420435242e+00
-2.983748767710054040e+00
-2.988271399222883762e+00
-3.005135688101095326e+00
-3.036447997075194305e+00
-3.083693033481575529e+00
-3.147672330662451667e+00
-3.228505926832453632e+00
-3.325690468400296584e+00
-3.438200153111882429e+00
-3.564613402638993733e+00
-3.703248133457415658e+00
-3.852291247639823890e+00
-4.009912246461475149e+00
-4.174355426350822462e+00
-4.344009037940555373e+00
-4.517452623252352417e+00
-4.693485434422321134e+00
-4.871139564152419332e+00
-5.049681463794398972e+00
-5.228605164232350333e+00
-5.407619965005484808e+00
-7.988873551098563119e-01
-8.532788384089479150e-01
-9.076758598454329752e-01
-9.620996238703979353e-01
-1.016591469141339354e+00
-1.071216085828651687e+00
-1.126062157296395583e+00
-1.181239187692841197e+00
-1.236869691213206446e+00
-1.293076618129161526e+00
-1.349966753123986063e+00
-1.407611667639192543e+00
-1.466028457436246324e+00
-1.525162805475702932e+00
-1.584876807241659691e+00
-1.644943496700283170e+00
-1.705049211459000347e+00
-1.764803983409970467e+00
-1.823759200037998740e+00
-1.881430994910272547e+00
-1.937327290007456071e+00
-1.990976166052209617e+00
-2.041953264980919780e+00
-2.089906178145751525e+00
-2.134574173049815116e+00
-2.175802087986497213e+00
-2.213547717189265907e+00
-2.247882475978711270e+00
-2.278985550826467588e+00
-2.307132092613422447e+00
-2.332676301365272931e+00
-2.356030480382116821e+00
-2.377641310174206435e+00
-2.397964709056004562e+00
-2.417440705836490622e+00
-2.436469746820861371e+00
-2.455391789956239634e+00
-2.474469400904359961e+00
-2.493875860555073043e+00
-2.513689027821367272e+00
-2.533891387966702879e+00
-2.554376372418281083e+00
-2.574960680922065315e+00
-2.595401990972337813e+00
-2.615421120161779633e+00
-2.634727427517859155e+00
-2.653046008022120983e+00
-2.670145054042944111e+00
-2.685861629825577968e+00
-2.700124032813459696e+00
-2.712968905100855199e+00
-2.724551323886774679e+00
-2.735146264890810475e+00
-2.745140129626153946e+00
-2.755011493394263322e+00
-2.765300899482671770e+00
-2.776570413179858754e+00
-2.789354740331898341e+00
-2.804106942642479616e+00
-2.821143018308722716e+00
-2.840590676031868878e+00
-2.862348290253121430e+00
-2.886060067608122282e+00
-2.911112719730261311e+00
-2.936657376509380413e+00
-2.961658179149531556e+00
-2.984966197091656781e+00
-3.005414357075983478e+00
-3.021926344780768048e+00
-3.033630307843892204e+00
-3.039966938036063215e+00
-3.040781297804527217e+00
-3.036388605320157197e+00
-3.027606018054723069e+00
-3.015745113081951700e+00
-3.002563085746793980e+00
-2.990174490164561494e+00
-2.980929378681122177e+00
-2.977267597229799279e+00
-2.981562241027059468e+00
-2.995967242951524057e+00
-3.022284166674735761e+00
-3.061861181247869101e+00
-3.115533045384087707e+00
-3.183605411568388277e+00
-3.265880959010923679e+00
-3.361719950162939341e+00
-3.470124664218169119e+00
-3.589836147530716559e+00
-3.719432628268053875e+00
-3.857421169973136887e+00
-4.002316949568225368e+00
-4.152707296388887137e+00
-4.307299897471746242e+00
-4.464956178350224292e+00
-4.624711814281096345e+00
-4.785786730912437115e+00
-4.947586973078035300e+00
-5.109700605924167860e+00
-5.271889483702939749e+00
-7.648393282998707798e-01
-8.241779951481120747e-01
-8.835179158645972697e-01
-9.428636201545838036e-01
-1.002223366619119371e+00
-1.061608912517740588e+00
-1.121034214165553378e+00
-1.180512750678226030e+00
-1.240053343358848092e+00
-1.299654599504021846e+00
-1.359298395470910803e+00
-1.418943070565421349e+00
-1.478517175081727197e+00
-1.537914663831338125e+00
-1.596992337148682273e+00
-1.655570117967155142e+00
-1.713434451672627645e+00
-1.770344773730517129e+00
-1.826042659596655904e+00
-1.880262995957831640e+00
-1.932746321918343391e+00
-1.983251396999086369e+00
-2.031567058093307399e+00
-2.077522516510347472e+00
-2.120995398722828718e+00
-2.161917027919453282e+00
-2.200274656750228708e+00
-2.236110576968469932e+00
-2.269518235480147972e+00
-2.300635669025134611e+00
-2.329636724864343922e+00
-2.356720658038220950e+00
-2.382100783799993682e+00
-2.405992914178174402e+00
-2.428604318289365072e+00
-2.450123915782193240e+00
-2.470714341676612413e+00
-2.490506410694156347e+00
-2.509596363995753254e+00
-2.528046107470436343e+00
-2.545886456953676102e+00
-2.563123202266217149e+00
-2.579745599933572997e+00
-2.595736715146706342e+00
-2.611084867628135964e+00
-2.625795303227697275e+00
-2.639901121856276234e+00
-2.653472450506009661e+00
-2.666622864904183210e+00
-2.679512141989133678e+00
-2.692344574848958949e+00
-2.705362307983470771e+00
-2.718833456976143204e+00
-2.733035160813887643e+00
-2.748232166557720291e+00
-2.764652042569486934e+00
-2.782458622037377705e+00
-2.801725743588780571e+00
-2.822413720715025942e+00
-2.844351173827986745e+00
-2.867224841911381716e+00
-2.890579715909744163e+00
-2.913831289762299104e+00
-2.936290923328042535e+00
-2.957204298114923358e+00
-2.975801787459839254e+00
-2.991358339085255391e+00
-3.003259273931053297e+00
-3.011067348347391537e+00
-3.014585628511770476e+00
-3.013910315612545521e+00
-3.009467759570701340e+00
-3.002030599270733457e+00
-2.992709306515735967e+00
-2.982917355123217096e+00
-2.974310665628769002e+00
-2.968704674505697749e+00
-2.967975033256115669e+00
-2.973950169415302103e+00
-2.988305327289525692e+00
-3.012467906673629514e+00
-3.047542764711255625e+00
-3.094263736636441831e+00
-3.152974349038592194e+00
-3.223637140475147156e+00
-3.305867821983196730e+00
-3.398988235483056286e+00
-3.502090977228702329e+00
-3.614108628243111188e+00
-3.733881519143754879e+00
-3.860219476323103027e+00
-3.991954672211607047e+00
-4.127984240435607965e+00
-4.267302542727613002e+00
-4.409023826916546263e+00
-4.552396514960298290e+00
-4.696810573363131347e+00
-4.841799427249839027e+00
-4.987037760699231548e+00
-5.132336361490466459e+00
-7.838070528386174018e-01
-8.423774623050227506e-01
-9.009479189210194416e-01
-9.595183722814637495e-01
-1.018088227062046602e+00
-1.076655520627662455e+00
-1.135215620627031186e+00
-1.193759383954745568e+00
-1.252270794331302728e+00
-1.310724190354866092e+00
-1.369081292192539268e+00
-1.427288313897811856e+00
-1.485273492921812322e+00
-1.542945368307693910e+00
-1.600192092324658644e+00
-1.656881973347342774e+00
-1.712865333650962496e+00
-1.767977641108164022e+00
-1.822043755465747372e+00
-1.874883032296232876e+00
-1.926314960714154312e+00
-1.976164979104393593e+00
-2.024270116012970355e+00
-2.070484136598221614e+00
-2.114681931641082979e+00
-2.156762957912939704e+00
-2.196653617589128249e+00
-2.234308543167039307e+00
-2.269710827170241085e+00
-2.302871298495964947e+00
-2.333826996745812732e+00
-2.362639030661095596e+00
-2.389390026240186593e+00
-2.414181374366162203e+00
-2.437130477501318726e+00
-2.458368171339059050e+00
-2.478036461763174714e+00
-2.496286671954267788e+00
-2.513278041312227540e+00
-2.529176759772659544e+00
-2.544155361270993509e+00
-2.558392342173819056e+00
-2.572071818463411041e+00
-2.585382993629164350e+00
-2.598519182022776874e+00
-2.611676124212398253e+00
-2.625049345561678127e+00
-2.638830350001950542e+00
-2.653201509624506294e+00
-2.668329607354885447e+00
-2.684358112305943678e+00
-2.701398410385054571e+00
-2.719520368276316269e+00
-2.738742766019179431e+00
-2.759024278630458404e+00
-2.780255805706291383e+00
-2.802255024800251793e+00
-2.824764066298479648e+00
-2.847451164336329832e+00
-2.869917024123052052e+00
-2.891706459620217551e+00
-2.912325599794216124e+00
-2.931264642533260911e+00
-2.948025760195512213e+00
-2.962155337758967111e+00
-2.973279263528471272e+00
-2.981139508790643600e+00
-2.985629754613400078e+00
-2.986827399334301081e+00
-2.985018981977325403e+00
-2.980715977982922205e+00
-2.974658161489256880e+00
-2.967802358257582540e+00
-2.961295459121887408e+00
-2.956431974309404964e+00
-2.954598047288902851e+00
-2.957205498704810864e+00
-2.965620873606130026e+00
-2.981095355028247962e+00
-3.004701579582445437e+00
-3.037282758471883781e+00
-3.079418136419068919e+00
-3.131406930039426051e+00
-3.193270802140250275e+00
-3.264773003744589452e+00
-3.345450847821181295e+00
-3.434657341111627016e+00
-3.531607619506936135e+00
-3.635426207316391878e+00
-3.745191872622089857e+00
-3.859977780015943161e+00
-3.978885574377206691e+00
-4.101072842899079696e+00
-4.225774032924197066e+00
-4.352315334872916885e+00
-4.480124290719033731e+00
-4.608734994796246376e+00
-4.737789755956552717e+00
-4.867038025915882749e+00
-4.996333298542758428e+00
-8.154865599709891777e-01
-8.725839440301133010e-01
-9.296810722724404563e-01
-9.867767592748274419e-01
-1.043868246357992913e+00
-1.100950279617005645e+00
-1.158013876757122196e+00
-1.215044783222824609e+00
-1.272021661846146401e+00
-1.328914108239208414e+00
-1.385680628621181132e+00
-1.442266749903030831e+00
-1.498603447508072284e+00
-1.554606071305103976e+00
-1.610173924286680602e+00
-1.665190605525407541e+00
-1.719525174135579926e+00
-1.773034131314078055e+00
-1.825564159890180171e+00
-1.876955511012322386e+00
-1.927045889770316434e+00
-1.975674667834776965e+00
-2.022687241818687198e+00
-2.067939359683578893e+00
-2.111301251693560754e+00
-2.152661424167285009e+00
-2.191930000492732233e+00
-2.229041521710550811e+00
-2.263957146083405370e+00
-2.296666211693764392e+00
-2.327187147105197251e+00
-2.355567731897473926e+00
-2.381884721330694177e+00
-2.406242857767242338e+00
-2.428773296317380481e+00
-2.449631474204185366e+00
-2.468994453426010871e+00
-2.487057765371781581e+00
-2.504031785102788898e+00
-2.520137663052093302e+00
-2.535602843881592960e+00
-2.550656207078735527e+00
-2.565522872341191807e+00
-2.580418725457147566e+00
-2.595544737522859968e+00
-2.611081171855976102e+00
-2.627181798319726980e+00
-2.643968262922407053e+00
-2.661524789935393542e+00
-2.679893422345154708e+00
-2.699070031816219739e+00
-2.719001348886163960e+00
-2.739583275239711568e+00
-2.760660740247532718e+00
-2.782029351568972686e+00
-2.803439063137470821e+00
-2.824600042503544461e+00
-2.845190863039670948e+00
-2.864869074938539928e+00
-2.883284122262707250e+00
-2.900092471175299114e+00
-2.914974695940047322e+00
-2.927654132756002170e+00
-2.937916555257157558e+00
-2.945630148851806851e+00
-2.950764866551031318e+00
-2.953410045809246487e+00
-2.953788974458881444e+00
-2.952268949011437105e+00
-2.949365320249929034e+00
-2.945738127612306023e+00
-2.942180238347794852e+00
-2.939596457657162265e+00
-2.938973845506016591e+00
-2.941344392725469437e+00
-2.947742149680560697e+00
-2.959157709240511025e+00
-2.976493466362374551e+00
-3.000523191409920631e+00
-3.031859115225336243e+00
-3.070928969002985287e+00
-3.117964370201917301e+00
-3.173000770524377234e+00
-3.235888070876439038e+00
-3.306310120768130023e+00
-3.383810756204111758e+00
-3.467823819414840969e+00
-3.557704709507317986e+00
-3.652761354780753145e+00
-3.752282976286000604e+00
-3.855565534275598338e+00
-3.961933240741175588e+00
-4.070755935059740871e+00
-4.181462434211683288e+00
-4.293550182535453175e+00
-4.406591650064273225e+00
-4.520237981190640575e+00
-4.634220396293432742e+00
-4.748349815955231534e+00
-4.862515125160041585e+00
-9.326201925244276270e-01
-9.832962052708703604e-01
-1.033971958570910843e+00
-1.084646303560775182e+00
-1.135316661862990184e+00
-1.185978288683937842e+00
-1.236623328629653296e+00
-1.287239677544310901e+00
-1.337809691756449926e+00
-1.388308814609587882e+00
-1.438704214755219368e+00
-1.488953547513657272e+00
-1.539003956897466496e+00
-1.588791430431831797e+00
-1.638240602144930502e+00
-1.687265072952858658e+00
-1.735768285088977958e+00
-1.783644951706414128e+00
-1.830783007783445937e+00
-1.877066016999857201e+00
-1.922375943589686553e+00
-1.966596179680579759e+00
-2.009614707784510124e+00
-2.051327274626220554e+00
-2.091640455526616371e+00
-2.130474496882657220e+00
-2.167765836536235557e+00
-2.203469216657837570e+00
-2.237559319991277995e+00
-2.270031876944983207e+00
-2.300904207363736464e+00
-2.330215176419158318e+00
-2.358024558691295347e+00
-2.384411818134220873e+00
-2.409474324313281457e+00
-2.433325037236512944e+00
-2.456089704472522950e+00
-2.477903625231350215e+00
-2.498908046811956218e+00
-2.519246269339633137e+00
-2.539059544980760474e+00
-2.558482867676441952e+00
-2.577640758620294736e+00
-2.596643160863898459e+00
-2.615581563136887500e+00
-2.634525477743255628e+00
-2.653519399757946040e+00
-2.672580374244889256e+00
-2.691696294463310046e+00
-2.710825046736011323e+00
-2.729894606651768196e+00
-2.748804176514766162e+00
-2.767426435491098680e+00
-2.785610951854348372e+00
-2.803188781225095738e+00
-2.819978245793897553e+00
-2.835791857132609284e+00
-2.850444309039723567e+00
-2.863761426373407915e+00
-2.875589910173709907e+00
-2.885807667531103071e+00
-2.894334455559071539e+00
-2.901142501712414390e+00
-2.906266687662389714e+00
-2.909813802834105623e+00
-2.911970291362353525e+00
-2.913007842039817774e+00
-2.913286120348670405e+00
-2.913251937099063049e+00
-2.913434216568202562e+00
-2.914434294545371174e+00
-2.916911359413427274e+00
-2.921563242643212099e+00
-2.929103235777354985e+00
-2.940234097568592109e+00
-2.955620836882270286e+00
-2.975864132371458304e+00
-3.001476316148314449e+00
-3.032861679447664383e+00
-3.070302471767797137e+00
-3.113951420188812325e+00
-3.163830978471787070e+00
-3.219838919274268907e+00
-3.281759387967701169e+00
-3.349278196714142286e+00
-3.422000973126142043e+00
-3.499472778572221721e+00
-3.581197944019915536e+00
-3.666659091703074580e+00
-3.755334573229903494e+00
-3.846713819970642767e+00
-3.940310341358778334e+00
-4.035672304398976173e+00
-4.132390776703739554e+00
-4.230105816916053918e+00
-4.328510656350377239e+00
-4.427354242341801971e+00
-4.526442415829674992e+00
-4.625637981085253259e+00
-4.724859900853596528e+00
-1.067443867379522793e+00
-1.110266752065924178e+00
-1.153089517108956130e+00
-1.195911633268964325e+00
-1.238731913489231395e+00
-1.281548173842649074e+00
-1.324356797907937144e+00
-1.367152209080640723e+00
-1.409926267485540841e+00
-1.452667620615613275e+00
-1.495361047786710307e+00
-1.537986846335682722e+00
-1.580520311008335232e+00
-1.622931356595941343e+00
-1.665184327654490204e+00
-1.707238028740067248e+00
-1.749045995121516928e+00
-1.790557008745620404e+00
-1.831715848745197661e+00
-1.872464251297461857e+00
-1.912742041219284372e+00
-1.952488388075717118e+00
-1.991643133191932202e+00
-2.030148130897467151e+00
-2.067948547433984707e+00
-2.104994063867628551e+00
-2.141239934585248417e+00
-2.176647859984147004e+00
-2.211186640249823032e+00
-2.244832586156518150e+00
-2.277569672187455652e+00
-2.309389426599188333e+00
-2.340290562070616698e+00
-2.370278359078453967e+00
-2.399363821985800449e+00
-2.427562634926593965e+00
-2.454893950858402007e+00
-2.481379052604453239e+00
-2.507039929290022506e+00
-2.531897815279958941e+00
-2.555971741524321494e+00
-2.579277151095864529e+00
-2.601824631631298512e+00
-2.623618817340388265e+00
-2.644657512195236038e+00
-2.664931083830186953e+00
-2.684422174547088868e+00
-2.703105771609963792e+00
-2.720949673706986705e+00
-2.737915384031978316e+00
-2.753959452858770973e+00
-2.769035283698753069e+00
-2.783095407067155413e+00
-2.796094214424595492e+00
-2.807991131852273892e+00
-2.818754198262398258e+00
-2.828363996199906527e+00
-2.836817864293421199e+00
-2.844134298907905922e+00
-2.850357428351121936e+00
-2.855561416061568547e+00
-2.859854619822197463e+00
-2.863383302955352594e+00
-2.866334662168082748e+00
-2.868938907844997832e+00
-2.871470110267562159e+00
-2.874245515566108633e+00
-2.877623046433023024e+00
-2.881996744689723666e+00
-2.887789995648412322e+00
-2.895446504497575901e+00
-2.905419171656208110e+00
-2.918157224607378808e+00
-2.934092182776147251e+00
-2.953623424533819541e+00
-2.977104254083730694e+00
-3.004829400795688610e+00
-3.037024810261719665e+00
-3.073840410875662066e+00
-3.115346287089771682e+00
-3.161532398688223111e+00
-3.212311696654552851e+00
-3.267526238070034061e+00
-3.326955721353061168e+00
-3.390327761237835080e+00
-3.457329198735953124e+00
-3.527617782942652269e+00
-3.600833650818060061e+00
-3.676610148094424435e+00
-3.754583661005427953e+00
-3.834402250178891247e+00
-3.915732984999579891e+00
-3.998267963735971264e+00
-4.081729070134542781e+00
-4.165871562075873058e+00
-4.250486614940786723e+00
-4.335402954989965529e+00
-4.420487719873679389e+00
-4.505646677627084706e+00
-4.590823924933829403e+00
-1.121389169450439649e+00
-1.161378914384609162e+00
-1.201368608179901765e+00
-1.241358023213238182e+00
-1.281346645772067028e+00
-1.321333523871041304e+00
-1.361317067714123752e+00
-1.401294801737811957e+00
-1.441263071815393149e+00
-1.481216716203950012e+00
-1.521148713514556050e+00
-1.561049824755525561e+00
-1.600908248850398063e+00
-1.640709311683093086e+00
-1.680435207618023119e+00
-1.720064809741987277e+00
-1.759573561104755379e+00
-1.798933454430273304e+00
-1.838113102605313909e+00
-1.877077897184180388e+00
-1.915790247570206217e+00
-1.954209889747920093e+00
-1.992294250638572572e+00
-2.029998852426215805e+00
-2.067277740548267850e+00
-2.104083919384894585e+00
-2.140369780882821260e+00
-2.176087513245465566e+00
-2.211189479232392063e+00
-2.245628556358045369e+00
-2.279358434196343541e+00
-2.312333866938023341e+00
-2.344510882190182333e+00
-2.375846949656379437e+00
-2.406301115719805761e+00
-2.435834112022510656e+00
-2.464408447860492402e+00
-2.491988497582743545e+00
-2.518540595188578646e+00
-2.544033148965847424e+00
-2.568436789311378199e+00
-2.591724562834150536e+00
-2.613872185469890308e+00
-2.634858366638655358e+00
-2.654665215454873994e+00
-2.673278738646227559e+00
-2.690689438139838074e+00
-2.706893014209002857e+00
-2.721891177609424339e+00
-2.735692571229353387e+00
-2.748313798383058337e+00
-2.759780550933534915e+00
-2.770128825874856204e+00
-2.779406213772036338e+00
-2.787673236486440498e+00
-2.795004704860973188e+00
-2.801491059481569845e+00
-2.807239649294248185e+00
-2.812375893832626872e+00
-2.817044265291040794e+00
-2.821409016993490670e+00
-2.825654575476862274e+00
-2.829985505193705286e+00
-2.834625948828317643e+00
-2.839818443888862731e+00
-2.845822019539623327e+00
-2.852909489037095625e+00
-2.861363875525964939e+00
-2.871473945284020335e+00
-2.883528874928247721e+00
-2.897812147597123023e+00
-2.914594853996874679e+00
-2.934128659058740318e+00
-2.956638771175150726e+00
-2.982317303939111319e+00
-3.011317436980261775e+00
-3.043748755219543689e+00
-3.079674074881709966e+00
-3.119107958348097398e+00
-3.162016993115679853e+00
-3.208321780311545801e+00
-3.257900462022711441e+00
-3.310593526793720986e+00
-3.366209576032337836e+00
-3.424531711941773526e+00
-3.485324216342104098e+00
-3.548339222564340645e+00
-3.613323131326597881e+00
-3.680022578098676167e+00
-3.748189817082952402e+00
-3.817587440470666671e+00
-3.887992397802968902e+00
-3.959199317464312973e+00
-4.031023160262669158e+00
-4.103301254322655467e+00
-4.175894772295690061e+00
-4.248689717582023739e+00
-4.321597487295324669e+00
-4.394555077399725285e+00
-4.467524990940199281e+00
-1.250942046337007785e+00
-1.286605094185597098e+00
-1.322268111241470923e+00
-1.357930959320194697e+00
-1.393593324087178509e+00
-1.429254617768007440e+00
-1.464913848717805500e+00
-1.500569455018835097e+00
-1.536219101721724378e+00
-1.571859444201565648e+00
-1.607485863043211172e+00
-1.643092178571297302e+00
-1.678670355315983853e+00
-1.714210208153233772e+00
-1.749699122476366275e+00
-1.785121800540386827e+00
-1.820460045153787787e+00
-1.855692590317443491e+00
-1.890794986406074241e+00
-1.925739545244602668e+00
-1.960495348130062876e+00
-1.995028317645336946e+00
-2.029301352126127167e+00
-2.063274519962300602e+00
-2.096905309587853150e+00
-2.130148930056595891e+00
-2.162958656503024102e+00
-2.195286214519325707e+00
-2.227082197496143223e+00
-2.258296511224766157e+00
-2.288878840487313937e+00
-2.318779132915446350e+00
-2.347948096027260512e+00
-2.376337704011564078e+00
-2.403901711480313175e+00
-2.430596172021642687e+00
-2.456379959931807466e+00
-2.481215293964163848e+00
-2.505068262291397563e+00
-2.527909348121632149e+00
-2.549713955530686249e+00
-2.570462935064305565e+00
-2.590143108519580739e+00
-2.608747792028180523e+00
-2.626277316129856043e+00
-2.642739540936736464e+00
-2.658150363740847677e+00
-2.672534215502315291e+00
-2.685924541567322077e+00
-2.698364260697577510e+00
-2.709906195043267907e+00
-2.720613462059377596e+00
-2.730559817556699187e+00
-2.739829937107828517e+00
-2.748519620920665485e+00
-2.756735905088474770e+00
-2.764597059887851760e+00
-2.772232453611171099e+00
-2.779782258407670348e+00
-2.787396972926088345e+00
-2.795236735407828466e+00
-2.803470400535233331e+00
-2.812274354122310527e+00
-2.821831042048489557e+00
-2.832327194169048656e+00
-2.843951730872422701e+00
-2.856893350165642165e+00
-2.871337807359276351e+00
-2.887464918170725259e+00
-2.905445339497751522e+00
-2.925437209434104346e+00
-2.947582757107053197e+00
-2.972005019836926554e+00
-2.998804825002193031e+00
-3.028058201762783064e+00
-3.059814379655372729e+00
-3.094094505777650106e+00
-3.130891171724443200e+00
-3.170168790388231184e+00
-3.211864807749055473e+00
-3.255891682763087935e+00
-3.302139525303819045e+00
-3.350479251743951892e+00
-3.400766101799980845e+00
-3.452843358160055054e+00
-3.506546120033011693e+00
-3.561705000019071310e+00
-3.618149637265084539e+00
-3.675711945623110211e+00
-3.734229040936211330e+00
-3.793545814789001547e+00
-3.853517141945829394e+00
-3.914009724731361661e+00
-3.974903589736168197e+00
-4.036093260731123955e+00
-4.097488637021621471e+00
-4.159015609226610621e+00
-4.220616445199404154e+00
-4.282249978047690142e+00
-4.343891626420784746e+00
-1.539864252313907889e+00
-1.565501699875312847e+00
-1.591139133718415311e+00
-1.616776491729540632e+00
-1.642413631470499791e+00
-1.668050284283970619e+00
-1.693685992720565414e+00
-1.719320029249853166e+00
-1.744951295251496060e+00
-1.770578200585325224e+00
-1.796198525482302966e+00
-1.821809267938360621e+00
-1.847406481093692321e+00
-1.872985106129654964e+00
-1.898538806938118606e+00
-1.924059813177267930e+00
-1.949538778323881560e+00
-1.974964658995891797e+00
-2.000324621203434461e+00
-2.025603978357291002e+00
-2.050786164890870289e+00
-2.075852748303657958e+00
-2.100783481371283568e+00
-2.125556395240673080e+00
-2.150147933177345205e+00
-2.174533123883084951e+00
-2.198685792572594888e+00
-2.222578807394216760e+00
-2.246184358301713146e+00
-2.269474265124568735e+00
-2.292420311332184379e+00
-2.314994599828685384e+00
-2.337169927034289163e+00
-2.358920171490139328e+00
-2.380220693250300723e+00
-2.401048740382098146e+00
-2.421383858970201253e+00
-2.441208303098257204e+00
-2.460507441353420699e+00
-2.479270156454359775e+00
-2.497489234634322930e+00
-2.515161741411285679e+00
-2.532289380342112040e+00
-2.548878831283660773e+00
-2.564942064568787483e+00
-2.580496627348696670e+00
-2.595565898156022122e+00
-2.610179305507995373e+00
-2.624372506100489222e+00
-2.638187517848069152e+00
-2.651672802711317889e+00
-2.664883293932070352e+00
-2.677880361984535718e+00
-2.690731713263840419e+00
-2.703511215295671288e+00
-2.716298642088660120e+00
-2.729179333197342849e+00
-2.742243760156581445e+00
-2.755586994233604425e+00
-2.769308069974337538e+00
-2.783509239858231954e+00
-2.798295116592045773e+00
-2.813771701251429391e+00
-2.830045297717280750e+00
-2.847221316766468391e+00
-2.865402976898873355e+00
-2.884689913668633032e+00
-2.905176715090926898e+00
-2.926951407713922038e+00
-2.950093926104907283e+00
-2.974674607392971293e+00
-3.000752761249890099e+00
-3.028375372882182504e+00
-3.057576000539897976e+00
-3.088373928097448040e+00
-3.120773626388617661e+00
-3.154764564124052484e+00
-3.190321391443351029e+00
-3.227404498443406933e+00
-3.265960929864138329e+00
-3.305925617956339657e+00
-3.347222880370801068e+00
-3.389768119891167331e+00
-3.433469658343141884e+00
-3.478230637670970182e+00
-3.523950926075178458e+00
-3.570528975071125988e+00
-3.617863583118499982e+00
-3.665855531961886182e+00
-3.714409072099626563e+00
-3.763433243203898826e+00
-3.812843023439889567e+00
-3.862560308281877575e+00
-3.912514724572476954e+00
-3.962644289309257939e+00
-4.012895925134039921e+00
-4.063225845943297720e+00
-4.113599826640697010e+00
-4.163993371011769362e+00
-4.214391791191971492e+00
