1.3232e-14	303.68	5	303.68	4.3529e-11
0.0025122	314.76	4.9937	303.48	11.274
0.0050181	325.54	4.9748	302.88	22.657
0.0075113	335.82	4.9433	301.87	33.951
0.0099855	345.82	4.8993	300.46	45.368
0.012434	355.33	4.8429	298.62	56.703
0.014852	364.55	4.7743	296.37	68.18
0.017232	373.26	4.6937	293.68	79.581
0.019569	381.7	4.6012	290.55	91.145
0.021856	389.6	4.497	286.96	102.64
0.024088	397.21	4.3815	282.89	114.32
0.026259	404.27	4.255	278.33	125.94
0.028363	411.01	4.1177	273.24	137.77
0.030397	417.15	3.97	267.59	149.56
0.032353	422.94	3.8122	261.36	161.58
0.034227	428.08	3.6448	254.49	173.59
0.036015	432.8	3.4683	246.94	185.85
0.037713	436.78	3.2829	238.64	198.14
0.039314	440.25	3.0893	229.52	210.73
0.040817	442.87	2.8879	219.48	223.39
0.042216	444.84	2.6791	208.43	236.41
0.043509	445.78	2.4636	196.25	249.53
0.044692	445.86	2.2419	182.81	263.05
0.045762	444.65	2.0145	167.98	276.67
0.046716	442.25	1.7821	151.66	290.59
0.047553	438.2	1.5451	133.79	304.41
0.048269	432.51	1.3042	114.42	318.09
0.048863	424.67	1.06	93.717	330.96
0.049334	414.64	0.81319	72.043	342.59
0.049681	401.85	0.56428	49.871	351.98
0.049901	386.2	0.31395	27.656	358.54
0.049996	366.95	0.06283	5.5298	361.42
0.049964	343.89	-0.18845	-16.589	360.48
0.049807	316.9	-0.43926	-38.749	355.65
0.049523	286.64	-0.68895	-60.988	347.63
0.049114	254	-0.93691	-82.973	336.97
0.048582	220.45	-1.1825	-104.22	324.66
0.047926	187.01	-1.4251	-124.29	311.29
0.04715	154.6	-1.6641	-142.92	297.52
0.046254	123.59	-1.8989	-160.01	283.61
0.045241	94.263	-2.1289	-175.57	269.84
0.044115	66.563	-2.3535	-189.69	256.26
0.042876	40.453	-2.5722	-202.49	242.94
0.04153	15.782	-2.7844	-214.09	229.87
0.040078	-7.5834	-2.9895	-224.62	217.04
0.038526	-29.767	-3.1871	-234.19	204.42
0.036876	-50.918	-3.3767	-242.89	191.97
0.035132	-71.096	-3.5577	-250.81	179.71
0.033301	-90.451	-3.7297	-258.01	167.56
0.031385	-108.98	-3.8923	-264.55	155.57
0.029389	-126.85	-4.0451	-270.49	143.64
0.02732	-143.98	-4.1876	-275.85	131.86
0.025181	-160.57	-4.3196	-280.67	120.1
0.022979	-176.49	-4.4407	-284.99	108.49
0.020719	-191.95	-4.5505	-288.81	96.862
0.018406	-206.79	-4.6489	-292.17	85.383
0.016047	-221.23	-4.7355	-295.08	73.846
0.013648	-235.08	-4.8101	-297.55	62.469
0.011214	-248.59	-4.8726	-299.59	50.997
0.0087512	-261.52	-4.9228	-301.21	39.696
0.0062667	-274.17	-4.9606	-302.43	28.257
0.0037663	-286.22	-4.9858	-303.23	17.016
0.0012565	-298.06	-4.9984	-303.63	5.5709
-0.0012565	-309.2	-4.9984	-303.63	-5.5709
-0.0037663	-320.25	-4.9858	-303.23	-17.016
-0.0062667	-330.68	-4.9606	-302.43	-28.257
-0.0087512	-340.91	-4.9228	-301.21	-39.696
-0.011214	-350.59	-4.8726	-299.59	-50.997
-0.013648	-360.02	-4.8101	-297.55	-62.469
-0.016047	-368.93	-4.7355	-295.08	-73.846
-0.018406	-377.56	-4.6489	-292.17	-85.383
-0.020719	-385.68	-4.5505	-288.81	-96.862
-0.022979	-393.48	-4.4407	-284.99	-108.49
-0.025181	-400.78	-4.3196	-280.67	-120.1
-0.02732	-407.71	-4.1876	-275.85	-131.86
-0.029389	-414.13	-4.0451	-270.49	-143.64
-0.031385	-420.12	-3.8923	-264.55	-155.57
-0.033301	-425.57	-3.7297	-258.01	-167.56
-0.035132	-430.52	-3.5577	-250.81	-179.71
-0.036876	-434.86	-3.3767	-242.89	-191.97
-0.038526	-438.6	-3.1871	-234.19	-204.42
-0.040078	-441.65	-2.9895	-224.62	-217.04
-0.04153	-443.96	-2.7844	-214.09	-229.87
-0.042876	-445.43	-2.5722	-202.49	-242.94
-0.044115	-445.95	-2.3535	-189.69	-256.26
-0.045241	-445.41	-2.1289	-175.57	-269.84
-0.046254	-443.62	-1.8989	-160.01	-283.61
-0.04715	-440.44	-1.6641	-142.92	-297.52
-0.047926	-435.58	-1.4251	-124.29	-311.29
-0.048582	-428.88	-1.1825	-104.22	-324.66
-0.049114	-419.95	-0.93691	-82.973	-336.97
-0.049523	-408.61	-0.68895	-60.988	-347.63
-0.049807	-394.4	-0.43926	-38.749	-355.65
-0.049964	-377.07	-0.18845	-16.589	-360.48
-0.049996	-355.89	0.06283	5.5298	-361.42
-0.049901	-330.88	0.31395	27.656	-358.54
-0.049681	-302.11	0.56428	49.871	-351.98
-0.049334	-270.55	0.81319	72.043	-342.59
-0.048863	-237.24	1.06	93.717	-330.96
-0.048269	-203.67	1.3042	114.42	-318.09
-0.047553	-170.61	1.5451	133.79	-304.41
-0.046716	-138.93	1.7821	151.66	-290.59
-0.045762	-108.69	2.0145	167.98	-276.67
-0.044692	-80.241	2.2419	182.81	-263.05
-0.043509	-53.287	2.4636	196.25	-249.53
-0.042216	-27.978	2.6791	208.43	-236.41
-0.040817	-3.9125	2.8879	219.48	-223.39
-0.039314	18.782	3.0893	229.52	-210.73
-0.037713	40.499	3.2829	238.64	-198.14
-0.036015	61.087	3.4683	246.94	-185.85
-0.034227	80.908	3.6448	254.49	-173.59
-0.032353	99.779	3.8122	261.36	-161.58
-0.030397	118.03	3.97	267.59	-149.56
-0.028363	135.46	4.1177	273.24	-137.77
-0.026259	152.38	4.255	278.33	-125.94
-0.024088	168.57	4.3815	282.89	-114.32
-0.021856	184.32	4.497	286.96	-102.64
-0.019569	199.41	4.6012	290.55	-91.145
-0.017232	214.1	4.6937	293.68	-79.581
-0.014852	228.19	4.7743	296.37	-68.18
-0.012434	241.92	4.8429	298.62	-56.703
-0.0099855	255.09	4.8993	300.46	-45.368
-0.0075113	267.92	4.9433	301.87	-33.951
-0.0050181	280.22	4.9748	302.88	-22.657
-0.0025122	292.21	4.9937	303.48	-11.274
2.3523e-14	303.68	5	303.68	1.2324e-10
