2.644671086368766577e+00
2.539104915982715927e+00
2.433891625940666437e+00
2.329950061341927281e+00
2.228619971744397521e+00
2.131515227102679599e+00
2.040379367659278298e+00
1.956947775753594465e+00
1.882820799163505532e+00
1.819352073750893251e+00
1.767556084869480904e+00
1.728038588204939385e+00
1.700952741546202462e+00
1.685982559008932569e+00
1.682353607890690217e+00
1.688869007423696278e+00
1.703967336667272292e+00
1.725798728674707183e+00
1.752316665513912630e+00
1.781385453778203232e+00
1.810905617171695070e+00
1.838959257814728021e+00
1.863972867562065705e+00
1.884885979391181632e+00
1.901303084931412535e+00
1.913598196774356053e+00
1.922940801829463586e+00
1.931220125295108003e+00
1.940858908373250591e+00
1.954523410297036357e+00
1.974749364347007319e+00
2.003513791780673792e+00
2.041792458330143223e+00
2.089155451719292955e+00
2.143469864004392100e+00
2.200795627529787080e+00
2.255569084211642483e+00
2.301153637101371885e+00
2.330780404914147841e+00
2.338796533392636601e+00
2.322005320931324501e+00
2.280778857113630043e+00
2.219622810017562120e+00
2.147003931604447580e+00
2.074459537765168893e+00
2.015186674752518226e+00
1.982377320764035167e+00
1.987524771936149959e+00
2.038833645832633046e+00
2.139785789272109273e+00
2.287887488550873094e+00
2.473671272773366958e+00
2.680163953734737703e+00
2.883261882047837510e+00
3.053697211339194695e+00
3.161265326301366141e+00
3.181248603477576431e+00
3.101356290882925748e+00
2.926074697123979718e+00
2.676016820652445283e+00
2.382763899070173164e+00
2.082061760677861528e+00
1.808076364951783033e+00
1.589759058504609079e+00
1.449048414995112610e+00
1.400203080989361526e+00
1.449664011145990417e+00
1.596084322159733171e+00
1.830371783073317715e+00
2.135750281001675521e+00
2.488004559502673185e+00
2.856264935538454619e+00
3.204892402461911871e+00
3.497067870653689514e+00
3.700217524563548466e+00
3.792186803258059680e+00
3.765737753969784052e+00
3.629055898214812004e+00
3.402119647059346885e+00
3.111118315453587524e+00
2.783465139896164509e+00
2.444649523052684792e+00
2.116845964565668758e+00
1.818650566102569810e+00
1.565354598636332417e+00
1.369385988905353679e+00
1.240739317131323238e+00
1.187326764218759934e+00
1.215234909200945568e+00
1.328891361426067341e+00
1.531148337720040997e+00
1.823286434106770715e+00
2.204934842064512068e+00
2.673895651720442412e+00
3.225851278881137318e+00
3.853930933403743708e+00
4.548133297077352921e+00
5.294706338900767584e+00
6.075935396522837095e+00
6.871809296003092982e+00
2.448468638883554149e+00
2.379438096237382450e+00
2.310562820580627896e+00
2.242264273003482078e+00
2.175179327171554267e+00
2.110103912962788542e+00
2.047932477128299400e+00
1.989595184680239326e+00
1.935995297290779238e+00
1.887949613722222697e+00
1.846135171190905089e+00
1.811045488767336842e+00
1.782959380222782997e+00
1.761924704539014286e+00
1.747758380500700648e+00
1.740062727336084469e+00
1.738256988319590191e+00
1.741622043674606823e+00
1.749355947786262577e+00
1.760637828152013640e+00
1.774697326892664906e+00
1.790885543456026907e+00
1.808741110040349209e+00
1.828042117016601242e+00
1.848832404526449480e+00
1.871410820928572916e+00
1.896275400573805836e+00
1.924020742802196704e+00
1.955194666110882773e+00
1.990127575018922235e+00
2.028753743010848876e+00
2.070447981592510533e+00
2.113904848417857529e+00
2.157091133824176943e+00
2.197304553293172091e+00
2.231368629331341946e+00
2.255980353390498738e+00
2.268199299021711912e+00
2.266025902482195153e+00
2.248973218785322192e+00
2.218509012553342874e+00
2.178251183716737316e+00
2.133843702916022878e+00
2.092507406582803764e+00
2.062323036278324029e+00
2.051340161290374109e+00
2.066609385610748362e+00
2.113217452203588920e+00
2.193383926346542445e+00
2.305671159725622754e+00
2.444378394964592083e+00
2.599242424707209675e+00
2.755646107190032001e+00
2.895609631215567692e+00
2.999824513422811645e+00
3.050758799821511769e+00
3.036345707494878532e+00
2.953165471094897576e+00
2.807856449013630851e+00
2.616127796595737909e+00
2.399844923693891907e+00
2.183374135012463135e+00
1.990285892650218935e+00
1.840954293605120418e+00
1.751071622263240757e+00
1.730847063165917410e+00
1.784629833404693500e+00
1.910770652267533176e+00
2.101634985867543381e+00
2.343781775769151476e+00
2.618422546031510922e+00
2.902373950301821548e+00
3.169774136149666521e+00
3.394756125568690663e+00
3.554942869834827768e+00
3.635060019801071185e+00
3.629486274778848998e+00
3.542711330858903551e+00
3.387576041408843164e+00
3.182184361191569888e+00
2.946723509206351732e+00
2.701036666562683486e+00
2.463177333804694946e+00
2.248768953384899572e+00
2.070872770679517139e+00
1.940111466945278584e+00
1.864885445737549885e+00
1.851593892109193895e+00
1.904820423220177306e+00
2.027468446308264394e+00
2.220842666579609492e+00
2.484677127042404177e+00
2.817111021982699359e+00
3.214614431397570193e+00
3.671870622904096493e+00
4.181635949193201363e+00
4.734635614354412603e+00
5.319640307786031919e+00
5.924056035137398091e+00
6.535735594790399894e+00
2.380521668452856510e+00
2.325630885125586023e+00
2.270815384832198802e+00
2.216285100640681627e+00
2.162365464967375139e+00
2.109475276349308093e+00
2.058102106283928201e+00
2.008776072065235674e+00
1.962043113137607264e+00
1.918439185874721620e+00
1.878466972456585449e+00
1.842576706697829803e+00
1.811152479518350455e+00
1.784504860273628868e+00
1.762869890859889654e+00
1.746413607019809966e+00
1.735240425055804003e+00
1.729403221560062098e+00
1.728912854571449387e+00
1.733745177992528363e+00
1.743844068053785668e+00
1.759119334495052422e+00
1.779438473020638956e+00
1.804611135596642324e+00
1.834365328047670163e+00
1.868315166895522461e+00
1.905921829484837238e+00
1.946451971497631828e+00
1.988940756210273442e+00
2.032168899205226698e+00
2.074664081655710479e+00
2.114736440876814783e+00
2.150555711746259036e+00
2.180274133798658198e+00
2.202194324435280404e+00
2.214974498303056816e+00
2.217854474852505753e+00
2.210875810283574605e+00
2.195060797259004826e+00
2.172511817161340009e+00
2.146397692303907423e+00
2.120807482465668858e+00
2.100471163124945750e+00
2.090365181243432957e+00
2.095234071363178074e+00
2.119065296090078210e+00
2.164555069056969927e+00
2.232602400970240986e+00
2.321871874448153239e+00
2.428476565319285463e+00
2.545852278859469742e+00
2.664918761317750295e+00
2.774639234677492627e+00
2.863070057982228356e+00
2.918903511327874956e+00
2.933332594992949627e+00
2.901852949328148856e+00
2.825489678730119358e+00
2.711032115775916740e+00
2.570182734515437328e+00
2.417899187979050346e+00
2.270410664138611256e+00
2.143349118862267755e+00
2.050250405768511808e+00
2.001490878629353709e+00
2.003609535541113651e+00
2.058929406889832059e+00
2.165407411379705938e+00
2.316682433309957823e+00
2.502340406042681931e+00
2.708462027449983989e+00
2.918548904618423645e+00
3.114911327283071518e+00
3.280511183355172999e+00
3.401071703957154746e+00
3.467044816603917834e+00
3.474908205903299407e+00
3.427393509702187036e+00
3.332614117120445307e+00
3.202451775222714847e+00
3.050736488708848615e+00
2.891661177481874123e+00
2.738644499180141079e+00
2.603650891184946303e+00
2.496867784421395786e+00
2.426615405951327187e+00
2.399384864729309452e+00
2.419932856793431508e+00
2.491390082596671718e+00
2.615360780445336708e+00
2.792003574089592544e+00
3.020091659248380633e+00
3.297055799095748974e+00
3.619018999087880051e+00
3.980839461828327153e+00
4.376191390833487738e+00
4.797735365417218567e+00
5.237466607968414678e+00
5.687386677803170087e+00
6.140727441128989383e+00
2.393237389646136748e+00
2.337761366289254461e+00
2.282338943858190028e+00
2.227124948553457884e+00
2.172367712618367808e+00
2.118399613200148135e+00
2.065625967174330224e+00
2.014512487998044499e+00
1.965571617730552889e+00
1.919348133688769664e+00
1.876404468222313326e+00
1.837306142546107246e+00
1.802607579253569403e+00
1.772838322642382280e+00
1.748489397743512086e+00
1.729999256970363053e+00
1.717738605165713528e+00
1.711993458744491381e+00
1.712946125860253410e+00
1.720654346478056151e+00
1.735029476099801293e+00
1.755815176486869467e+00
1.782568478657277522e+00
1.814645301502165520e+00
1.851192647983947115e+00
1.891149904419545003e+00
1.933261996307645614e+00
1.976107467569107712e+00
2.018144494757258212e+00
2.057776985483606325e+00
2.093440960714361143e+00
2.123708485281571967e+00
2.147403025516818165e+00
2.163717058992692621e+00
2.172320728267177259e+00
2.173449638833994779e+00
2.167960472664784088e+00
2.157344658276374894e+00
2.143692710991160766e+00
2.129604980931431246e+00
2.118048364983059706e+00
2.112162797978796025e+00
2.115025561403038434e+00
2.129385146151221875e+00
2.157379386033092761e+00
2.200255141035056816e+00
2.258109700339254289e+00
2.329678184807568719e+00
2.412197082574718099e+00
2.501381121352583836e+00
2.591556533964988862e+00
2.675993280896750370e+00
2.747464189456654271e+00
2.799022288660515834e+00
2.824926923227087716e+00
2.821577169751572800e+00
2.788258494260589249e+00
2.727512873853866093e+00
2.645020658576318517e+00
2.549009045669511142e+00
2.449319815082462881e+00
2.356327399093560260e+00
2.279886062904239008e+00
2.228427893612675792e+00
2.208268434358093391e+00
2.223129360359378914e+00
2.273865146312078256e+00
2.358379088921090272e+00
2.471725000929788418e+00
2.606405761147128519e+00
2.752890078080030722e+00
2.900364797072585432e+00
3.037712297222549651e+00
3.154646595303540302e+00
3.242867829512705136e+00
3.297033991705950573e+00
3.315344200618124404e+00
3.299605056783605939e+00
3.254789283846540648e+00
3.188230062439948220e+00
3.108662720172179483e+00
3.025309785158674991e+00
2.947135073114330872e+00
2.882312547416752135e+00
2.837897020543117321e+00
2.819654611828139146e+00
2.832004827250427237e+00
2.878032757456514990e+00
2.959540926463760435e+00
3.077121153729728054e+00
3.230235675969510556e+00
3.417303597812561211e+00
3.635794084335733256e+00
3.882332339401856736e+00
4.152829049612533296e+00
4.442649182802277608e+00
4.746842151577734370e+00
5.060462392362844675e+00
5.379016937644831131e+00
5.699083738210307892e+00
2.369588597395228646e+00
2.316320614058806626e+00
2.263098020549790590e+00
2.210055641843303054e+00
2.157415139129458037e+00
2.105480972718838828e+00
2.054634749263964721e+00
2.005327786469791818e+00
1.958071742568597395e+00
1.913427173617667787e+00
1.871989897425118343e+00
1.834375058561372951e+00
1.801198808903089921e+00
1.773057554867770280e+00
1.750504798528281336e+00
1.734025746008073465e+00
1.724010103258266646e+00
1.720723840989978548e+00
1.724281169593622653e+00
1.734618463614254313e+00
1.751472323664477582e+00
1.774364262844482898e+00
1.802594578572302986e+00
1.835247789017813824e+00
1.871211593533791850e+00
1.909210696979324551e+00
1.947856033191403213e+00
1.985708890985768527e+00
2.021358105414654105e+00
2.053506790531623327e+00
2.081063181980987942e+00
2.103228381791283130e+00
2.119572673141926877e+00
2.130092080595895165e+00
2.135238184905281056e+00
2.135916628524612726e+00
2.133452686337420801e+00
2.129525051604309827e+00
2.126071117905405483e+00
2.125168386919983998e+00
2.128897373926415870e+00
2.139191850995425082e+00
2.157682793808768373e+00
2.185543223813401159e+00
2.223342403755361740e+00
2.270919608215478114e+00
2.327289906448224865e+00
2.390596822273931554e+00
2.458128775571851055e+00
2.526416731573875030e+00
2.591427775635008590e+00
2.648861367239644160e+00
2.694540267873919426e+00
2.724866902640114219e+00
2.737291894106829382e+00
2.730722253797320587e+00
2.705791695282035114e+00
2.664931400241224324e+00
2.612215030916460456e+00
2.552996226023721338e+00
2.493395044252830761e+00
2.439710126178100236e+00
2.397833032797847430e+00
2.372726036342500677e+00
2.368003863897184758e+00
2.385641303972034333e+00
2.425816056519032315e+00
2.486889893813814201e+00
2.565528862322256298e+00
2.656961537576601806e+00
2.755369684584798140e+00
2.854395164079433833e+00
2.947729521386288187e+00
3.029730798494020050e+00
3.095992519661870723e+00
3.143782408098908299e+00
3.172281632189049017e+00
3.182590190649207784e+00
3.177510862486427445e+00
3.161166622191001530e+00
3.138530204712407290e+00
3.114944662216838189e+00
3.095695611997320906e+00
3.085669976929070302e+00
3.089111962643716680e+00
3.109470069298292394e+00
3.149320036206446183e+00
3.210346115958563562e+00
3.293364550365061927e+00
3.398376475836331956e+00
3.524641320535583322e+00
3.670765318012795486e+00
3.834802747310391169e+00
4.014369859090202830e+00
4.206773202613732110e+00
4.409155284316836898e+00
4.618661195175175038e+00
4.832630045201304014e+00
5.048814748433519739e+00
5.265632982759052005e+00
2.278779927948729966e+00
2.235964722828204465e+00
2.193182662204594013e+00
2.150534128254260935e+00
2.108186858959146814e+00
2.066375009240279059e+00
2.025396897457302892e+00
1.985611150101354028e+00
1.947430933525722718e+00
1.911315949105962364e+00
1.877761875925184176e+00
1.847286984500782436e+00
1.820415730377814789e+00
1.797659282967136063e+00
1.779493166271397087e+00
1.766332490729129567e+00
1.758505632710718913e+00
1.756227644403979493e+00
1.759575104136702484e+00
1.768464479137109580e+00
1.782636294652988118e+00
1.801647417982943367e+00
1.824873529652264459e+00
1.851523357462183883e+00
1.880665518256816382e+00
1.911267896768476415e+00
1.942248447141189605e+00
1.972535182284090416e+00
2.001131974363473898e+00
2.027185715177497904e+00
2.050049530723212499e+00
2.069336324248808090e+00
2.084957152427862503e+00
2.097139935194480831e+00
2.106425685316415386e+00
2.113641536514998975e+00
2.119851944254499188e+00
2.126291151772678578e+00
2.134281135361151271e+00
2.145139762823150331e+00
2.160083992334994818e+00
2.180132864946607629e+00
2.206015044537162684e+00
2.238085887773707316e+00
2.276259519166202061e+00
2.319962058252966308e+00
2.368112795739647058e+00
2.419140419811568243e+00
2.471040906332229170e+00
2.521481873271822050e+00
2.567954555004980932e+00
2.607968817195361222e+00
2.639279084583707746e+00
2.660120758463099033e+00
2.669429561153724872e+00
2.667012664067092143e+00
2.653642553294411677e+00
2.631053176852305331e+00
2.601831767523470340e+00
2.569215675437230395e+00
2.536817597114180867e+00
2.508311566605860854e+00
2.487114737080688531e+00
2.476097133101612169e+00
2.477345239879532368e+00
2.491997708707000214e+00
2.520164145988737392e+00
2.560931545944199250e+00
2.612457275301737880e+00
2.672142047592434899e+00
2.736870446080343910e+00
2.803300061229295981e+00
2.868173698932615423e+00
2.928623724571190579e+00
2.982435379406372267e+00
3.028238705476953729e+00
3.065607345673861506e+00
3.095055898328032740e+00
3.117942792248819650e+00
3.136299019290916590e+00
3.152611358717548828e+00
3.169590615639175990e+00
3.189951609444578562e+00
3.216224316937398076e+00
3.250607165936354903e+00
3.294865941274407017e+00
3.350276178972824592e+00
3.417603541364242936e+00
3.497115202840369808e+00
3.588615208652006228e+00
3.691497549264893596e+00
3.804811863422359774e+00
3.927337918740195999e+00
4.057666119582641784e+00
4.194282159091298645e+00
4.335654538229450239e+00
4.480324038862936398e+00
4.626994407756757077e+00
4.774623547589992967e+00
4.922514491698171568e+00
2.167740928766884956e+00
2.137823399035199134e+00
2.107926377842250343e+00
2.078112938808031274e+00
2.048489836441018674e+00
2.019208017438139713e+00
1.990462318960885213e+00
1.962490108034108616e+00
1.935568581871806026e+00
1.910010424322236444e+00
1.886157508609541456e+00
1.864372364097294676e+00
1.845027199878848556e+00
1.828490414918932494e+00
1.815110732512296599e+00
1.805199374748365448e+00
1.799011023622507643e+00
1.796724664468797972e+00
1.798425723641377871e+00
1.804091136622141045e+00
1.813579059075482780e+00
1.826624821930420861e+00
1.842844418553615693e+00
1.861746314026384130e+00
1.882751727103063599e+00
1.905222815233436062e+00
1.928497456397506138e+00
1.951928626557857926e+00
1.974925769786367802e+00
1.996995103430221130e+00
2.017775558721218498e+00
2.037067102060201584e+00
2.054848572893674064e+00
2.071282919195753802e+00
2.086708742180282350e+00
2.101618234082714753e+00
2.116622725174372999e+00
2.132407986823372514e+00
2.149682074405593557e+00
2.169118835469288520e+00
2.191300328446610379e+00
2.216661405036590260e+00
2.245439705086215376e+00
2.277634350639987204e+00
2.312976696379335451e+00
2.350916523155894389e+00
2.390626922759261141e+00
2.431030653549808296e+00
2.470849778092820692e+00
2.508678788836980811e+00
2.543079142120995950e+00
2.572690268979794137e+00
2.596349033842068721e+00
2.613206792832487135e+00
2.622831315987171230e+00
2.625280525282786215e+00
2.621136708013380279e+00
2.611493653366256051e+00
2.597894592228224830e+00
2.582225001952243471e+00
2.566570139091285174e+00
2.553051549265364262e+00
2.543659123885614992e+00
2.540095379977830969e+00
2.543646809569105827e+00
2.555093893952997686e+00
2.574667266335491256e+00
2.602053018704027831e+00
2.636445656105467439e+00
2.676642982230429180e+00
2.721173488536521745e+00
2.768443854677751226e+00
2.816892225809098704e+00
2.865132313135454467e+00
2.912074327676107632e+00
2.957011404336316929e+00
2.999664319464752982e+00
3.040182419334333641e+00
3.079103948332426732e+00
3.117283497027682593e+00
3.155797348184222084e+00
3.195838709510826714e+00
3.238614235779264217e+00
3.285251258455394119e+00
3.336722343415023495e+00
3.393790786402484994e+00
3.456977918389303017e+00
3.526550940153427849e+00
3.602528567469270193e+00
3.684701026120371647e+00
3.772660770048603229e+00
3.865840538298935147e+00
3.963555844766468717e+00
4.065049563579693270e+00
4.169536828887764557e+00
4.276248951415190014e+00
4.384475442519161881e+00
4.493603531960855157e+00
4.603154784487890616e+00
4.712818584037941072e+00
2.079223058604745322e+00
2.059401713603187467e+00
2.039592131011583209e+00
2.019830912115339050e+00
2.000180626693093711e+00
1.980730655207971758e+00
1.961597613861624678e+00
1.942925203890266905e+00
1.924883298068031268e+00
1.907666054132560074e+00
1.891488833857102092e+00
1.876583717299209919e+00
1.863193445480211707e+00
1.851563711974649529e+00
1.841933861180766963e+00
1.834526236690684486e+00
1.829534643520443149e+00
1.827112616142265944e+00
1.827362382916214889e+00
1.830325545535504972e+00
1.835976513941414368e+00
1.844219631941032445e+00
1.854890696189739341e+00
1.867763232513860228e+00
1.882559486941188132e+00
1.898965660660928645e+00
1.916650512985367483e+00
1.935286109620714790e+00
1.954569230009531200e+00
1.974241785795630921e+00
1.994108560711501887e+00
2.014050679142990852e+00
2.034033458954373597e+00
2.054107698745998078e+00
2.074403958524963176e+00
2.095119957672070932e+00
2.116501763812387082e+00
2.138819916347455941e+00
2.162341979428112015e+00
2.187303244291569193e+00
2.213877421513876786e+00
2.242149214857025008e+00
2.272090680713936717e+00
2.303543262074763565e+00
2.336207328234036318e+00
2.369640911048897625e+00
2.403269049740952124e+00
2.436404681576085807e+00
2.468281302741276217e+00
2.498096663276835994e+00
2.525065594347700948e+00
2.548478800572286485e+00
2.567763249346767918e+00
2.582538856029426011e+00
2.592665704117244729e+00
2.598276221801024910e+00
2.599787655411759157e+00
2.597891825804079957e+00
2.593521387965232794e+00
2.587794372918535757e+00
2.581941320286170516e+00
2.577221435194799071e+00
2.574835607836009288e+00
2.575844617337101905e+00
2.581100343684738618e+00
2.591196408542910667e+00
2.606442549363573669e+00
2.626864477441110957e+00
2.652228301567288504e+00
2.682086135886366574e+00
2.715837526677020275e+00
2.752800018564672158e+00
2.792281630681739735e+00
2.833648233560836172e+00
2.876379741765720421e+00
2.920110539819510631e+00
2.964651461632307416e+00
3.009992723435554574e+00
3.056289219075341901e+00
3.103831284925464118e+00
3.153005238937816923e+00
3.204248585219433121e+00
3.258004739022676066e+00
3.314681544662710255e+00
3.374616876779576113e+00
3.438053417567129344e+00
3.505123477948635102e+00
3.575843642619991325e+00
3.650118182288702329e+00
3.727749645498047659e+00
3.808454811817012953e+00
3.891884206608420715e+00
3.977643568893014070e+00
4.065315948601399221e+00
4.154483421237878282e+00
4.244747700882516739e+00
4.335749181757638127e+00
4.427184136145700499e+00
4.518819944817725087e+00
4.610508343191338732e+00
2.023946300402684528e+00
2.010249077133397400e+00
1.996558777164817000e+00
1.982897140392246182e+00
1.969301629609367943e+00
1.955826217773803277e+00
1.942541984266709987e+00
1.929537429542533822e+00
1.916918398317216887e+00
1.904807484201853862e+00
1.893342777601207061e+00
1.882675819500533532e+00
1.872968643315561454e+00
1.864389831975976630e+00
1.857109592238925355e+00
1.851293952292110578e+00
1.847098314127195051e+00
1.844660723036906536e+00
1.844095330747872019e+00
1.845486602067112791e+00
1.848884827343082460e+00
1.854303443777110649e+00
1.861718539593088861e+00
1.871070730824438977e+00
1.882269384766666720e+00
1.895198944240809480e+00
1.909726907403778373e+00
1.925712856807963558e+00
1.943017819073427299e+00
1.961513178146505165e+00
1.981088364419978598e+00
2.001656602884145819e+00
2.023158128240058140e+00
2.045560459936954789e+00
2.068855562227117417e+00
2.093053970687693166e+00
2.118176219069264565e+00
2.144242122581791588e+00
2.171258648317310413e+00
2.199207224863643617e+00
2.228031416117590702e+00
2.257625918706338553e+00
2.287827846167270529e+00
2.318411236261272990e+00
2.349085650487824584e+00
2.379499608751817874e+00
2.409249396117524533e+00
2.437893476064920684e+00
2.464972340929032057e+00
2.490033138818621428e+00
2.512657873059175095e+00
2.532493432538057032e+00
2.549281251641803969e+00
2.562884092107002409e+00
2.573307351200962767e+00
2.580712476439188219e+00
2.585420526473915626e+00
2.587904651227421304e+00
2.588771226795978819e+00
2.588730487040115325e+00
2.588558621760360445e+00
2.589054315319433641e+00
2.590993433080263753e+00
2.595085903619101408e+00
2.601938716409987862e+00
2.612028346278212343e+00
2.625684891320039682e+00
2.643088906688459083e+00
2.664280520896473714e+00
2.689179136543676574e+00
2.717611016667903279e+00
2.749341450855971480e+00
2.784108015345161391e+00
2.821651655819510385e+00
2.861742854064704300e+00
2.904200893352074431e+00
2.948905111286486136e+00
2.995797925764013048e+00
3.044880251087081380e+00
3.096200611615247400e+00
3.149839752218438704e+00
3.205892803884272002e+00
3.264451080863679078e+00
3.325585381352068381e+00
3.389332280559749222e+00
3.455684406858796187e+00
3.524585153713284402e+00
3.595927777126875391e+00
3.669558421763468026e+00
3.745282346052802858e+00
3.822872486184967222e+00
3.902079493968954260e+00
3.982642470486560615e+00
4.064299757345616548e+00
4.146799305296058336e+00
4.229908290745034272e+00
4.313421779746750673e+00
4.397170340795600652e+00
4.481026582727752228e+00
4.564910645979717962e+00
1.990115141934235110e+00
1.979846551035377988e+00
1.969582505603574507e+00
1.959337387803186781e+00
1.949136152465133831e+00
1.939015023471979848e+00
1.929022110450681726e+00
1.919217893684655785e+00
1.909675512174821899e+00
1.900480777159384571e+00
1.891731823427262427e+00
1.883538306713614885e+00
1.876020061410770490e+00
1.869305152913919077e+00
1.863527296160963909e+00
1.858822666631658294e+00
1.855326198459996689e+00
1.853167537994760083e+00
1.852466888052781258e+00
1.853331024947539873e+00
1.855849785906320548e+00
1.860093302618292865e+00
1.866110198217101335e+00
1.873926877647920541e+00
1.883547937614938439e+00
1.894957616369407960e+00
1.908122108123627703e+00
1.922992490708998137e+00
1.939507962894255533e+00
1.957599061306945387e+00
1.977190526916587254e+00
1.998203518371549192e+00
2.020556924515704456e+00
2.044167609364495153e+00
2.068949524124838568e+00
2.094811732923125280e+00
2.121655509835538744e+00
2.149370763214656588e+00
2.177832121115722330e+00
2.206895065504371534e+00
2.236392533728184251e+00
2.266132416368041191e+00
2.295896373208836660e+00
2.325440362788642634e+00
2.354497231089424325e+00
2.382781624073183835e+00
2.409997369691875502e+00
2.435847313880376674e+00
2.460045394460735224e+00
2.482330507820621701e+00
2.502481485515173354e+00
2.520332278615833310e+00
2.535786276938601702e+00
2.548828596309925310e+00
2.559535171046674940e+00
2.568077603198979819e+00
2.574722948418441959e+00
2.579827955430993303e+00
2.583827706117118428e+00
2.587219096070437541e+00
2.590540105191932785e+00
2.594346274775325867e+00
2.599186165389232972e+00
2.605577756046058457e+00
2.613987713093147924e+00
2.624815189386694225e+00
2.638381332254754241e+00
2.654925045869879874e+00
2.674604865539757181e+00
2.697506165008242363e+00
2.723652425561176482e+00
2.753019004800377978e+00
2.785547767633290928e+00
2.821161059538430216e+00
2.859773766912502957e+00
2.901302567690082768e+00
2.945671876095065755e+00
2.992816383958161186e+00
3.042680461278223447e+00
3.095214972413744992e+00
3.150372271239113786e+00
3.208100246858072602e+00
3.268336298022157305e+00
3.331002025902323638e+00
3.395999268021326678e+00
3.463207877004073065e+00
3.532485408921820724e+00
3.603668661476991275e+00
3.676576821285644670e+00
3.751015860583443828e+00
3.826783771679522328e+00
3.903676234569722681e+00
3.981492362996462919e+00
4.060040247783028633e+00
4.139142096395373116e+00
4.218638842153914048e+00
4.298394158526933850e+00
4.378297861203720664e+00
4.458268713884624646e+00
4.538256675189281886e+00
1.958352400041647012e+00
1.950697887540090214e+00
1.943046724366172429e+00
1.935409574422250589e+00
1.927805045753540503e+00
1.920260316511259280e+00
1.912811733033470629e+00
1.905505347320257226e+00
1.898397351596673444e+00
1.891554357655654384e+00
1.885053459564585809e+00
1.878982012095530729e+00
1.873437056485714125e+00
1.868524332653377584e+00
1.864356835081162567e+00
1.861052899062257460e+00
1.858733843335501623e+00
1.857521239977474314e+00
1.857533926089201870e+00
1.858884906633526901e+00
1.861678316964762825e+00
1.866006613054904228e+00
1.871948136832023657e+00
1.879565166843447210e+00
1.888902516818329547e+00
1.899986693880167721e+00
1.912825580729488939e+00
1.927408566797045530e+00
1.943707024743265288e+00
1.961675011788682976e+00
1.981250070605491853e+00
2.002354012212510970e+00
2.024893583587770607e+00
2.048760954671321244e+00
2.073834000518506304e+00
2.099976400227077988e+00
2.127037619467230911e+00
2.154852882754495713e+00
2.183243271221376514e+00
2.212016099853012729e+00
2.240965735142758319e+00
2.269875011081764260e+00
2.298517389305762215e+00
2.326659987891074532e+00
2.354067571070635356e+00
2.380507546501634319e+00
2.405755955488947606e+00
2.429604364360884450e+00
2.451867474538927727e+00
2.472391170786789161e+00
2.491060631075801002e+00
2.507808039194922234e+00
2.522619384818967081e+00
2.535539815571240752e+00
2.546677028587778668e+00
2.556202258375877445e+00
2.564348533460211410e+00
2.571406033900036192e+00
2.577714579253159499e+00
2.583653500627436816e+00
2.589629382862708606e+00
2.596062378569929940e+00
2.603371965089857021e+00
2.611963108491873076e+00
2.622213791285305629e+00
2.634464741022560563e+00
2.649011972711921903e+00
2.666102457357156119e+00
2.685932897627404614e+00
2.708651282176677277e+00
2.734360648679040828e+00
2.763124341154250985e+00
2.794972006893368999e+00
2.829905630685652262e+00
2.867905025989823109e+00
2.908932367302671906e+00
2.952935530041791878e+00
2.999850182736545356e+00
3.049600734810871572e+00
3.102100369618625564e+00
3.157250478399965754e+00
3.214939851925500580e+00
3.275043982116494501e+00
3.337424779460751001e+00
3.401930931740466235e+00
3.468399027934871981e+00
3.536655463672373045e+00
3.606519047330477790e+00
3.677804152186016307e+00
3.750324217743423727e+00
3.823895393470187365e+00
3.898340135406979101e+00
3.973490601426434399e+00
4.049191734354950611e+00
4.125303965379845117e+00
4.201705507602105705e+00
4.278294238649487546e+00
4.354989191599633713e+00
4.431731686126002323e+00
4.508486138414053990e+00
1.910654644244607070e+00
1.906381622482995919e+00
1.902111145749438181e+00
1.897851359087696643e+00
1.893616540143513438e+00
1.889427643753828212e+00
1.885312842792539412e+00
1.881308043174000133e+00
1.877457343433998727e+00
1.873813401086264818e+00
1.870437659792399954e+00
1.867400384588751017e+00
1.864780448771741650e+00
1.862664817610083290e+00
1.861147682700661665e+00
1.860329217558795767e+00
1.860313949501577913e+00
1.861208772777290799e+00
1.863120659289152270e+00
1.866154151350460477e+00
1.870408741158298804e+00
1.875976250964964454e+00
1.882938325278246339e+00
1.891364133083191845e+00
1.901308357016348705e+00
1.912809521420975489e+00
1.925888685902911179e+00
1.940548508184293697e+00
1.956772661444099004e+00
1.974525577824863154e+00
1.993752481825951994e+00
2.014379675189620578e+00
2.036315038702320113e+00
2.059448725647441858e+00
2.083654035201333965e+00
2.108788469757681305e+00
2.134694995399030848e+00
2.161203537029020794e+00
2.188132747264219802e+00
2.215292090313134565e+00
2.242484278940310993e+00
2.269508094962198630e+00
2.296161612275347430e+00
2.322245826448871675e+00
2.347568676103886531e+00
2.371949417989218212e+00
2.395223289357264473e+00
2.417246358210650481e+00
2.437900425672701044e+00
2.457097807920230359e+00
2.474785791788089995e+00
2.490950532988643662e+00
2.505620153451192600e+00
2.518866798156657261e+00
2.530807434077733120e+00
2.541603215024371920e+00
2.551457295927035407e+00
2.560611057235458343e+00
2.569338792436920205e+00
2.577941014909229889e+00
2.586736647122009014e+00
2.596054455012683171e+00
2.606224170051976596e+00
2.617567787126362955e+00
2.630391525901003558e+00
2.644978890208999012e+00
2.661585156356019333e+00
2.680433479399482177e+00
2.701712647562863889e+00
2.725576364070164903e+00
2.752143815466532306e+00
2.781501210574317984e+00
2.813703948835683644e+00
2.848779095826752261e+00
2.886727896240047553e+00
2.927528127600018681e+00
2.971136179064998828e+00
3.017488818565837505e+00
3.066504680263706817e+00
3.118085557115255924e+00
3.172117616484022129e+00
3.228472668473568508e+00
3.287009607267394884e+00
3.347576117738331192e+00
3.410010697719497941e+00
3.474144997424704950e+00
3.539806429583408853e+00
3.606820964706408894e+00
3.675016001401953059e+00
3.744223194424275647e+00
3.814281132050029388e+00
3.885037775306714458e+00
3.956352598862674430e+00
4.028098401521726935e+00
4.100162779108576849e+00
4.172449271799722581e+00
4.244878211052742323e+00
4.317387298786307781e+00
4.389931954524535662e+00
4.462485466138362611e+00
1.839003255091411715e+00
1.839585920767603966e+00
1.840170364765514988e+00
1.840762305975756963e+00
1.841371810730038083e+00
1.842013716328764206e+00
1.842708061329059177e+00
1.843480508113265026e+00
1.844362737700934174e+00
1.845392790437034414e+00
1.846615319569931968e+00
1.848081718673849183e+00
1.849850079598741148e+00
1.851984936635328927e+00
1.854556756331603440e+00
1.857641141901050785e+00
1.861317736512942522e+00
1.865668829816689467e+00
1.870777694503108712e+00
1.876726701473626413e+00
1.883595280169943154e+00
1.891457802420126955e+00
1.900381472618387191e+00
1.910424304375186955e+00
1.921633255278755392e+00
1.934042579065165190e+00
1.947672440360964208e+00
1.962527822969005520e+00
1.978597749632528879e+00
1.995854820096498505e+00
2.014255065565440095e+00
2.033738111650780223e+00
2.054227638750008911e+00
2.075632128341165394e+00
2.097845885316901082e+00
2.120750329213710206e+00
2.144215549780406960e+00
2.168102123625279543e+00
2.192263187906604571e+00
2.216546763932610631e+00
2.240798318342613449e+00
2.264863542760844783e+00
2.288591324975282948e+00
2.311836876122767226e+00
2.334464969112265642e+00
2.356353233465193320e+00
2.377395440805636806e+00
2.397504703571413653e+00
2.416616497744733749e+00
2.434691409602710799e+00
2.451717498151237962e+00
2.467712160718047443e+00
2.482723390715504852e+00
2.496830324979939508e+00
2.510142993891709473e+00
2.522801210706182573e+00
2.534972566937851557e+00
2.546849537858176138e+00
2.558645745481820555e+00
2.570591474297881707e+00
2.582928584592968146e+00
2.595905015072548672e+00
2.609769104786645144e+00
2.624763987589592507e+00
2.641122314555129247e+00
2.659061537216758975e+00
2.678779937441759351e+00
2.700453523316181936e+00
2.724233834176549518e+00
2.750246623730542961e+00
2.778591329149180389e+00
2.809341193619184551e+00
2.842543892719433085e+00
2.878222519154479908e+00
2.916376800830177363e+00
2.956984457759585627e+00
3.000002637772322789e+00
3.045369404295609872e+00
3.093005277552677956e+00
3.142814850520209813e+00
3.194688511180443058e+00
3.248504302428507629e+00
3.304129941086403566e+00
3.361424999711396300e+00
3.420243232339066797e+00
3.480435001953144702e+00
3.541849747628876166e+00
3.604338416712204118e+00
3.667755784377111805e+00
3.731962589693664789e+00
3.796827432119833645e+00
3.862228391846711517e+00
3.928054358000615753e+00
3.994206067207006328e+00
4.060596869465543435e+00
4.127153247945797077e+00
4.193815124462425104e+00
4.260535983887666411e+00
4.327282849668985243e+00
4.394036139936358332e+00
1.757852848906980459e+00
1.763879565845598796e+00
1.769907339935657964e+00
1.775939585930858433e+00
1.781982336782385046e+00
1.788044518250156090e+00
1.794138232033727798e+00
1.800279039047193663e+00
1.806486230896337197e+00
1.812783073451383897e+00
1.819197001909012013e+00
1.825759742401250607e+00
1.832507331790998339e+00
1.839480005749932756e+00
1.846721926539304892e+00
1.854280726877262753e+00
1.862206855121802507e+00
1.870552719223858018e+00
1.879371641239327317e+00
1.888716648816978649e+00
1.898639143053548084e+00
1.909187491800764302e+00
1.920405602952836022e+00
1.932331533253637046e+00
1.944996185249833198e+00
1.958422139135317153e+00
1.972622658488965230e+00
1.987600900312042729e+00
2.003349351112409416e+00
2.019849502624053272e+00
2.037071773494922855e+00
2.054975677216194896e+00
2.073510231876027010e+00
2.092614603998026901e+00
2.112218976539540716e+00
2.132245629637526729e+00
2.152610221352199371e+00
2.173223253969357671e+00
2.193991709066557494e+00
2.214820831466584927e+00
2.235616038563523755e+00
2.256284927609266244e+00
2.276739349686554448e+00
2.296897515456825190e+00
2.316686094401968710e+00
2.336042266120324395e+00
2.354915679220300984e+00
2.373270270500007051e+00
2.391085894584590754e+00
2.408359712368824734e+00
2.425107285985421246e+00
2.441363329167927976e+00
2.457182065335740351e+00
2.472637151873280814e+00
2.487821138071189431e+00
2.502844436052293009e+00
2.517833798678635659e+00
2.532930315889735162e+00
2.548286961017979468e+00
2.564065740882104816e+00
2.580434526777455329e+00
2.597563665987315140e+00
2.615622492509514618e+00
2.634775868231009177e+00
2.655180888782435744e+00
2.676983879657850007e+00
2.700317787559535443e+00
2.725300041337099799e+00
2.752030920582809070e+00
2.780592433483437098e+00
2.811047674334564928e+00
2.843440609083320414e+00
2.877796225961754661e+00
2.914120987041395772e+00
2.952403523143515507e+00
2.992615526029015705e+00
3.034712805197611996e+00
3.078636489366527673e+00
3.124314362757037777e+00
3.171662332302688903e+00
3.220586023073592319e+00
3.270982495540344814e+00
3.322742070438862161e+00
3.375750236295397944e+00
3.429889603073709381e+00
3.485041855210771811e+00
3.541089650758599827e+00
3.597918412126934751e+00
3.655417958670505563e+00
3.713483941471317440e+00
3.772019054408636052e+00
3.830934010655391297e+00
3.890148287800811122e+00
3.949590656176151349e+00
4.009199512807211541e+00
4.068923047698157269e+00
4.128719270397270158e+00
4.188555923806288384e+00
4.248410309793073658e+00
4.308269048048455119e+00
1.697967646632436267e+00
1.708092718592731707e+00
1.718218324554606102e+00
1.728346194683300752e+00
1.738479393459974265e+00
1.748622466306128054e+00
1.758781592002939709e+00
1.768964736704708773e+00
1.779181803434287223e+00
1.789444768684972153e+00
1.799767795266828285e+00
1.810167308081955806e+00
1.820662017492354234e+00
1.831272873874842722e+00
1.842022937396967874e+00
1.852937149451119758e+00
1.864041996739710827e+00
1.875365065505101736e+00
1.886934491213602350e+00
1.898778317184246722e+00
1.910923783142405741e+00
1.923396570550694129e+00
1.936220035222298463e+00
1.949414458957600793e+00
1.962996350940666712e+00
1.976977826823540063e+00
1.991366089360305125e+00
2.006163029660361197e+00
2.021364963054043784e+00
2.036962508545820061e+00
2.052940616134602880e+00
2.069278742112077296e+00
2.085951168947402845e+00
2.102927463575803291e+00
2.120173065758889308e+00
2.137649996499633609e+00
2.155317675043372017e+00
2.173133831565640772e+00
2.191055501110414472e+00
2.209040082685373552e+00
2.227046445730901159e+00
2.245036064593764369e+00
2.262974160281379987e+00
2.280830827716816334e+00
2.298582125953501532e+00
2.316211108283957376e+00
2.333708768820564661e+00
2.351074881904816838e+00
2.368318710647051795e+00
2.385459561120226724e+00
2.402527159405720258e+00
2.419561830031518923e+00
2.436614456561468689e+00
2.453746208344106616e+00
2.471028021796057850e+00
2.488539830117314278e+00
2.506369542053100030e+00
2.524611778286077524e+00
2.543366383284026533e+00
2.562736740806412339e+00
2.582827932360532319e+00
2.603744788879295946e+00
2.625589895558574582e+00
2.648461616647897365e+00
2.672452209508024090e+00
2.697646094266189731e+00
2.724118336550164887e+00
2.751933386821846295e+00
2.781144102636770032e+00
2.811791062324935808e+00
2.843902162751749785e+00
2.877492481948911607e+00
2.912564380403111386e+00
2.949107812463617861e+00
2.987100820688670666e+00
3.026510189614317170e+00
3.067292239972751133e+00
3.109393748559594162e+00
3.152752981785302389e+00
3.197300831817907252e+00
3.242962042874296014e+00
3.289656511774690983e+00
3.337300641857901429e+00
3.385808723637300677e+00
3.435094310298723030e+00
3.485071552536231465e+00
3.535656456370748213e+00
3.586768030145286890e+00
3.638329292827898964e+00
3.690268124356250734e+00
3.742517948753871782e+00
3.795018250656889247e+00
3.847714934408233312e+00
3.900560541162771955e+00
3.953514343219048044e+00
4.006542336245548341e+00
4.059617149690937232e+00
4.112717894050152978e+00
4.165829961352786270e+00
4.218944792680988876e+00
