-9.5049e-14	285.51	5	285.51	-5.0716e-11
0.025122	292.83	4.9937	285.41	7.4225
0.050181	300.1	4.9748	285.17	14.939
0.075113	307.09	4.9433	284.72	22.375
0.099855	314.05	4.8993	284.13	29.927
0.12434	320.73	4.8429	283.32	37.407
0.14852	327.39	4.7743	282.37	45.021
0.17232	333.77	4.6937	281.2	52.572
0.19569	340.13	4.6012	279.86	60.276
0.21856	346.21	4.497	278.28	67.928
0.24088	352.28	4.3815	276.52	75.754
0.26259	358.04	4.255	274.5	83.539
0.28363	363.8	4.1177	272.28	91.521
0.30397	369.23	3.97	269.75	99.478
0.32353	374.65	3.8122	266.99	107.66
0.34227	379.71	3.6448	263.87	115.84
0.36015	384.74	3.4683	260.45	124.28
0.37713	389.36	3.2829	256.6	132.76
0.39314	393.91	3.0893	252.35	141.55
0.40817	397.98	2.8879	247.53	150.44
0.42216	401.89	2.6791	242.14	159.75
0.43509	405.22	2.4636	235.93	169.29
0.44692	408.24	2.2419	228.81	179.44
0.45762	410.45	2.0145	220.38	190.07
0.46716	412.09	1.7821	210.38	201.71
0.47553	412.48	1.5451	198.1	214.38
0.48269	411.68	1.3042	182.88	228.8
0.48863	408.57	1.06	163.39	245.18
0.49334	402.58	0.81319	138.34	264.24
0.49681	391.14	0.56428	105.71	285.42
0.49901	371.13	0.31395	64.52	306.61
0.49996	333.79	0.06283	13.75	320.04
0.49964	274.85	-0.18845	-40.284	315.13
0.49807	210.03	-0.43926	-86.232	296.27
0.49523	151.59	-0.68895	-123.09	274.68
0.49114	102.69	-0.93691	-151.66	254.35
0.48582	62.964	-1.1825	-173.76	236.72
0.47926	30.418	-1.4251	-190.92	221.33
0.4715	3.3185	-1.6641	-204.58	207.89
0.46254	-19.854	-1.8989	-215.61	195.75
0.45241	-40.104	-2.1289	-224.78	184.67
0.44115	-58.206	-2.3535	-232.49	174.29
0.42876	-74.672	-2.5722	-239.15	164.47
0.4153	-89.861	-2.7844	-244.92	155.06
0.40078	-104.06	-2.9895	-250.02	145.97
0.38526	-117.4	-3.1871	-254.53	137.13
0.36876	-130.09	-3.3767	-258.59	128.49
0.35132	-142.16	-3.5577	-262.21	120.05
0.33301	-153.75	-3.7297	-265.48	111.73
0.31385	-164.84	-3.8923	-268.41	103.57
0.29389	-175.58	-4.0451	-271.05	95.475
0.2732	-185.89	-4.1876	-273.42	87.533
0.25181	-195.92	-4.3196	-275.54	79.62
0.22979	-205.58	-4.4407	-277.43	71.851
0.20719	-215.02	-4.5505	-279.1	64.074
0.18406	-224.11	-4.6489	-280.55	56.44
0.16047	-233.04	-4.7355	-281.81	48.766
0.13648	-241.63	-4.8101	-282.87	41.237
0.11214	-250.12	-4.8726	-283.75	33.632
0.087512	-258.26	-4.9228	-284.44	26.183
0.062667	-266.35	-4.9606	-284.96	18.616
0.037663	-274.08	-4.9858	-285.31	11.226
0.012565	-281.83	-4.9984	-285.48	3.6529
-0.012565	-289.13	-4.9984	-285.48	-3.6529
-0.037663	-296.53	-4.9858	-285.31	-11.226
-0.062667	-303.58	-4.9606	-284.96	-18.616
-0.087512	-310.63	-4.9228	-284.44	-26.183
-0.11214	-317.38	-4.8726	-283.75	-33.632
-0.13648	-324.11	-4.8101	-282.87	-41.237
-0.16047	-330.57	-4.7355	-281.81	-48.766
-0.18406	-336.99	-4.6489	-280.55	-56.44
-0.20719	-343.17	-4.5505	-279.1	-64.074
-0.22979	-349.28	-4.4407	-277.43	-71.851
-0.25181	-355.16	-4.3196	-275.54	-79.62
-0.2732	-360.95	-4.1876	-273.42	-87.533
-0.29389	-366.53	-4.0451	-271.05	-95.475
-0.31385	-371.97	-3.8923	-268.41	-103.57
-0.33301	-377.2	-3.7297	-265.48	-111.73
-0.35132	-382.25	-3.5577	-262.21	-120.05
-0.36876	-387.08	-3.3767	-258.59	-128.49
-0.38526	-391.67	-3.1871	-254.53	-137.13
-0.40078	-395.99	-2.9895	-250.02	-145.97
-0.4153	-399.97	-2.7844	-244.92	-155.06
-0.42876	-403.62	-2.5722	-239.15	-164.47
-0.44115	-406.78	-2.3535	-232.49	-174.29
-0.45241	-409.45	-2.1289	-224.78	-184.67
-0.46254	-411.36	-1.8989	-215.61	-195.75
-0.4715	-412.47	-1.6641	-204.58	-207.89
-0.47926	-412.25	-1.4251	-190.92	-221.33
-0.48582	-410.48	-1.1825	-173.76	-236.72
-0.49114	-406	-0.93691	-151.66	-254.35
-0.49523	-397.76	-0.68895	-123.09	-274.68
-0.49807	-382.5	-0.43926	-86.232	-296.27
-0.49964	-355.41	-0.18845	-40.284	-315.13
-0.49996	-306.29	0.06283	13.75	-320.04
-0.49901	-242.09	0.31395	64.52	-306.61
-0.49681	-179.71	0.56428	105.71	-285.42
-0.49334	-125.9	0.81319	138.34	-264.24
-0.48863	-81.795	1.06	163.39	-245.18
-0.48269	-45.916	1.3042	182.88	-228.8
-0.47553	-16.282	1.5451	198.1	-214.38
-0.46716	8.6744	1.7821	210.38	-201.71
-0.45762	30.305	2.0145	220.38	-190.07
-0.44692	49.37	2.2419	228.81	-179.44
-0.43509	66.636	2.4636	235.93	-169.29
-0.42216	82.388	2.6791	242.14	-159.75
-0.40817	97.091	2.8879	247.53	-150.44
-0.39314	110.8	3.0893	252.35	-141.55
-0.37713	123.85	3.2829	256.6	-132.76
-0.36015	136.17	3.4683	260.45	-124.28
-0.34227	148.03	3.6448	263.87	-115.84
-0.32353	159.33	3.8122	266.99	-107.66
-0.30397	170.28	3.97	269.75	-99.478
-0.28363	180.76	4.1177	272.28	-91.521
-0.26259	190.96	4.255	274.5	-83.539
-0.24088	200.77	4.3815	276.52	-75.754
-0.21856	210.35	4.497	278.28	-67.928
-0.19569	219.58	4.6012	279.86	-60.276
-0.17232	228.62	4.6937	281.2	-52.572
-0.14852	237.35	4.7743	282.37	-45.021
-0.12434	245.92	4.8429	283.32	-37.407
-0.099855	254.2	4.8993	284.13	-29.927
-0.075113	262.34	4.9433	284.72	-22.375
-0.050181	270.23	4.9748	285.17	-14.939
-0.025122	277.98	4.9937	285.41	-7.4225
7.8575e-15	285.51	5	285.51	-1.7212e-12
