0.001	39.4321	374.634
0.00102329	40.9982	382.943
0.00104713	42.6249	391.426
0.00107152	44.3145	400.086
0.00109648	46.0693	408.928
0.00112202	47.8916	417.953
0.00114815	49.7841	427.167
0.0011749	51.7491	436.571
0.00120226	53.7895	446.169
0.00123027	55.9079	455.965
0.00125893	58.1072	465.962
0.00128825	60.3903	476.163
0.00131826	62.7601	486.572
0.00134896	65.22	497.193
0.00138038	67.773	508.029
0.00141254	70.4224	519.083
0.00144544	73.1718	530.359
0.00147911	76.0246	541.861
0.00151356	78.9845	553.593
0.00154882	82.0553	565.557
0.00158489	85.2408	577.757
0.00162181	88.545	590.197
0.00165959	91.972	602.882
0.00169824	95.5262	615.813
0.0017378	99.2118	628.995
0.00177828	103.033	642.432
0.0018197	106.995	656.127
0.00186209	111.103	670.084
0.00190546	115.361	684.306
0.00194984	119.773	698.796
0.00199526	124.347	713.559
0.00204174	129.086	728.598
0.0020893	133.996	743.916
0.00213796	139.083	759.516
0.00218776	144.352	775.403
0.00223872	149.81	791.578
0.00229087	155.463	808.047
0.00234423	161.316	824.811
0.00239883	167.376	841.873
0.00245471	173.65	859.238
0.00251189	180.144	876.907
0.0025704	186.864	894.884
0.00263027	193.819	913.172
0.00269153	201.015	931.773
0.00275423	208.46	950.689
0.00281838	216.16	969.923
0.00288403	224.123	989.478
0.00295121	232.358	1009.36
0.00301995	240.872	1029.56
0.0030903	249.673	1050.09
0.00316228	258.769	1070.94
0.00323594	268.169	1092.13
0.00331131	277.882	1113.65
0.00338844	287.915	1135.5
0.00346737	298.277	1157.68
0.00354813	308.978	1180.2
0.00363078	320.027	1203.05
0.00371535	331.432	1226.24
0.00380189	343.203	1249.77
0.00389045	355.35	1273.63
0.00398107	367.881	1297.82
0.0040738	380.807	1322.35
0.00416869	394.137	1347.21
0.0042658	407.881	1372.41
0.00436516	422.049	1397.93
0.00446684	436.651	1423.79
0.00457088	451.696	1449.98
0.00467735	467.195	1476.49
0.0047863	483.158	1503.32
0.00489779	499.594	1530.47
0.00501187	516.515	1557.94
0.00512861	533.93	1585.72
0.00524807	551.849	1613.81
0.00537032	570.282	1642.21
0.00549541	589.24	1670.91
0.00562341	608.732	1699.9
0.0057544	628.769	1729.18
0.00588844	649.359	1758.75
0.0060256	670.514	1788.6
0.00616595	692.242	1818.72
0.00630957	714.552	1849.1
0.00645654	737.456	1879.74
0.00660693	760.961	1910.63
0.00676083	785.076	1941.77
0.00691831	809.811	1973.14
0.00707946	835.174	2004.74
0.00724436	861.173	2036.55
0.0074131	887.817	2068.58
0.00758578	915.113	2100.8
0.00776247	943.069	2133.21
0.00794328	971.692	2165.79
0.00812831	1000.99	2198.55
0.00831764	1030.97	2231.46
0.00851138	1061.63	2264.52
0.00870964	1092.99	2297.71
0.00891251	1125.04	2331.02
0.00912011	1157.8	2364.44
0.00933254	1191.26	2397.96
0.00954993	1225.44	2431.56
0.00977237	1260.33	2465.24
0.01	1295.95	2498.97
0.0102329	1332.28	2532.75
0.0104713	1369.34	2566.57
0.0107152	1407.12	2600.4
0.0109648	1445.63	2634.24
0.0112202	1484.86	2668.07
0.0114815	1524.83	2701.87
0.011749	1565.52	2735.65
0.0120226	1606.94	2769.37
0.0123027	1649.08	2803.03
0.0125893	1691.95	2836.61
0.0128825	1735.53	2870.1
0.0131826	1779.84	2903.48
0.0134896	1824.86	2936.75
0.0138038	1870.58	2969.88
0.0141254	1917.02	3002.87
0.0144544	1964.15	3035.7
0.0147911	2011.98	3068.36
0.0151356	2060.49	3100.83
0.0154882	2109.69	3133.11
0.0158489	2159.55	3165.18
0.0162181	2210.09	3197.02
0.0165959	2261.28	3228.64
0.0169824	2313.13	3260.01
0.017378	2365.61	3291.12
0.0177828	2418.72	3321.97
0.018197	2472.45	3352.54
0.0186209	2526.8	3382.83
0.0190546	2581.74	3412.82
0.0194984	2637.27	3442.5
0.0199526	2693.38	3471.87
0.0204174	2750.05	3500.93
0.020893	2807.28	3529.65
0.0213796	2865.05	3558.03
0.0218776	2923.34	3586.08
0.0223872	2982.15	3613.77
0.0229087	3041.47	3641.11
0.0234423	3101.28	3668.09
0.0239883	3161.56	3694.71
0.0245471	3222.31	3720.96
0.0251189	3283.5	3746.83
0.025704	3345.14	3772.33
0.0263027	3407.2	3797.46
0.0269153	3469.67	3822.2
0.0275423	3532.53	3846.56
0.0281838	3595.78	3870.54
0.0288403	3659.4	3894.14
0.0295121	3723.38	3917.36
0.0301995	3787.7	3940.19
0.030903	3852.35	3962.64
0.0316228	3917.32	3984.71
0.0323594	3982.59	4006.4
0.0331131	4048.16	4027.71
0.0338844	4114	4048.66
0.0346737	4180.11	4069.23
0.0354813	4246.48	4089.43
0.0363078	4313.09	4109.27
0.0371535	4379.94	4128.75
0.0380189	4447	4147.88
0.0389045	4514.28	4166.65
0.0398107	4581.75	4185.08
0.040738	4649.42	4203.18
0.0416869	4717.26	4220.94
0.042658	4785.27	4238.37
0.0436516	4853.44	4255.48
0.0446684	4921.76	4272.27
0.0457088	4990.22	4288.76
0.0467735	5058.81	4304.95
0.047863	5127.53	4320.85
0.0489779	5196.37	4336.46
0.0501187	5265.31	4351.79
0.0512861	5334.35	4366.85
0.0524807	5403.49	4381.64
0.0537032	5472.72	4396.18
0.0549541	5542.03	4410.48
0.0562341	5611.42	4424.53
0.057544	5680.87	4438.36
0.0588844	5750.39	4451.96
0.060256	5819.97	4465.34
0.0616595	5889.61	4478.52
0.0630957	5959.3	4491.51
0.0645654	6029.03	4504.3
0.0660693	6098.81	4516.91
0.0676083	6168.63	4529.35
0.0691831	6238.48	4541.63
0.0707946	6308.37	4553.75
0.0724436	6378.29	4565.72
0.074131	6448.24	4577.55
0.0758578	6518.22	4589.25
0.0776247	6588.22	4600.83
0.0794328	6658.25	4612.29
0.0812831	6728.3	4623.65
0.0831764	6798.37	4634.9
0.0851138	6868.46	4646.07
0.0870964	6938.57	4657.15
0.0891251	7008.7	4668.15
0.0912011	7078.85	4679.09
0.0933254	7149.03	4689.96
0.0954993	7219.22	4700.78
0.0977237	7289.43	4711.56
0.1	7359.67	4722.29
0.102329	7429.92	4732.99
0.104713	7500.2	4743.67
0.107152	7570.51	4754.32
0.109648	7640.84	4764.97
0.112202	7711.2	4775.61
0.114815	7781.58	4786.25
0.11749	7852	4796.89
0.120226	7922.45	4807.55
0.123027	7992.93	4818.23
0.125893	8063.45	4828.93
0.128825	8134.01	4839.66
0.131826	8204.61	4850.43
0.134896	8275.25	4861.24
0.138038	8345.94	4872.1
0.141254	8416.68	4883.01
0.144544	8487.47	4893.97
0.147911	8558.32	4905
0.151356	8629.22	4916.1
0.154882	8700.18	4927.26
0.158489	8771.2	4938.51
0.162181	8842.3	4949.83
0.165959	8913.46	4961.24
0.169824	8984.69	4972.74
0.17378	9056	4984.34
0.177828	9127.39	4996.03
0.18197	9198.86	5007.82
0.186209	9270.41	5019.72
0.190546	9342.06	5031.73
0.194984	9413.8	5043.85
0.199526	9485.63	5056.09
0.204174	9557.57	5068.45
0.20893	9629.61	5080.93
0.213796	9701.75	5093.54
0.218776	9774.01	5106.28
0.223872	9846.38	5119.15
0.229087	9918.87	5132.16
0.234423	9991.48	5145.31
0.239883	10064.2	5158.59
0.245471	10137.1	5172.02
0.251189	10210.1	5185.6
0.25704	10283.2	5199.33
0.263027	10356.5	5213.21
0.269153	10429.9	5227.25
0.275423	10503.5	5241.44
0.281838	10577.2	5255.79
0.288403	10651.1	5270.3
0.295121	10725.1	5284.97
0.301995	10799.3	5299.81
0.30903	10873.7	5314.82
0.316228	10948.2	5329.99
0.323594	11022.9	5345.34
0.331131	11097.8	5360.86
0.338844	11172.9	5376.56
0.346737	11248.1	5392.43
0.354813	11323.6	5408.48
0.363078	11399.2	5424.7
0.371535	11475	5441.11
0.380189	11551.1	5457.71
0.389045	11627.3	5474.48
0.398107	11703.7	5491.44
0.40738	11780.4	5508.59
0.416869	11857.3	5525.93
0.42658	11934.4	5543.46
0.436516	12011.7	5561.17
0.446684	12089.2	5579.08
0.457088	12167	5597.19
0.467735	12245	5615.48
0.47863	12323.2	5633.97
0.489779	12401.7	5652.66
0.501187	12480.5	5671.55
0.512861	12559.4	5690.64
0.524807	12638.7	5709.92
0.537032	12718.1	5729.41
0.549541	12797.9	5749.09
0.562341	12877.9	5768.98
0.57544	12958.2	5789.08
0.588844	13038.7	5809.37
0.60256	13119.5	5829.87
0.616595	13200.6	5850.58
0.630957	13282	5871.5
0.645654	13363.7	5892.62
0.660693	13445.6	5913.95
0.676083	13527.8	5935.49
0.691831	13610.4	5957.24
0.707946	13693.2	5979.2
0.724436	13776.3	6001.37
0.74131	13859.8	6023.75
0.758578	13943.5	6046.35
0.776247	14027.6	6069.16
0.794328	14112	6092.18
0.812831	14196.7	6115.42
0.831764	14281.7	6138.87
0.851138	14367	6162.54
0.870964	14452.7	6186.43
0.891251	14538.7	6210.53
0.912011	14625.1	6234.85
0.933254	14711.7	6259.39
0.954993	14798.8	6284.15
0.977237	14886.1	6309.13
1	14973.9	6334.32
1.02329	15061.9	6359.74
1.04713	15150.4	6385.38
1.07152	15239.2	6411.24
1.09648	15328.3	6437.33
1.12202	15417.9	6463.63
1.14815	15507.8	6490.16
1.1749	15598	6516.92
1.20226	15688.7	6543.9
1.23027	15779.7	6571.1
1.25893	15871.2	6598.53
1.28825	15963	6626.19
1.31826	16055.2	6654.08
1.34896	16147.7	6682.19
1.38038	16240.7	6710.53
1.41254	16334.1	6739.1
1.44544	16427.9	6767.89
1.47911	16522.1	6796.92
1.51356	16616.7	6826.18
1.54882	16711.8	6855.67
1.58489	16807.2	6885.39
1.62181	16903.1	6915.34
1.65959	16999.4	6945.53
1.69824	17096.1	6975.94
1.7378	17193.3	7006.6
1.77828	17290.9	7037.48
1.8197	17388.9	7068.61
1.86209	17487.4	7099.96
1.90546	17586.3	7131.56
1.94984	17685.6	7163.39
1.99526	17785.5	7195.46
2.04174	17885.7	7227.76
2.0893	17986.5	7260.31
2.13796	18087.7	7293.09
2.18776	18189.3	7326.12
2.23872	18291.5	7359.38
2.29087	18394.1	7392.89
2.34423	18497.2	7426.63
2.39883	18600.7	7460.62
2.45471	18704.8	7494.86
2.51189	18809.3	7529.34
2.5704	18914.3	7564.06
2.63027	19019.8	7599.03
2.69153	19125.9	7634.24
2.75423	19232.4	7669.7
2.81838	19339.4	7705.41
2.88403	19446.9	7741.36
2.95121	19555	7777.57
3.01995	19663.5	7814.02
3.0903	19772.6	7850.73
3.16228	19882.2	7887.68
3.23594	19992.3	7924.89
3.31131	20102.9	7962.35
3.38844	20214.1	8000.06
3.46737	20325.8	8038.03
3.54813	20438.1	8076.25
3.63078	20550.9	8114.73
3.71535	20664.2	8153.47
3.80189	20778.1	8192.46
3.89045	20892.6	8231.71
3.98107	21007.6	8271.22
4.0738	21123.2	8310.98
4.16869	21239.3	8351.01
4.2658	21356	8391.3
4.36516	21473.3	8431.86
4.46684	21591.1	8472.67
4.57088	21709.5	8513.75
4.67735	21828.5	8555.1
4.7863	21948.1	8596.71
4.89779	22068.3	8638.59
5.01187	22189.1	8680.73
5.12861	22310.5	8723.15
5.24807	22432.5	8765.83
5.37032	22555.1	8808.78
5.49541	22678.3	8852.01
5.62341	22802.1	8895.51
5.7544	22926.5	8939.28
5.88844	23051.6	8983.32
6.0256	23177.2	9027.65
6.16595	23303.5	9072.24
6.30957	23430.5	9117.12
6.45654	23558	9162.27
6.60693	23686.2	9207.7
6.76083	23815.1	9253.42
6.91831	23944.6	9299.41
7.07946	24074.8	9345.69
7.24436	24205.6	9392.25
7.4131	24337	9439.1
7.58578	24469.2	9486.23
7.76247	24602	9533.65
7.94328	24735.4	9581.35
8.12831	24869.6	9629.35
8.31764	25004.4	9677.63
8.51138	25139.9	9726.21
8.70964	25276.1	9775.08
8.91251	25413	9824.24
9.12011	25550.6	9873.7
9.33254	25688.9	9923.46
9.54993	25827.9	9973.51
9.77237	25967.5	10023.9
10	26108	10074.5
10.2329	26249.1	10125.5
10.4713	26390.9	10176.7
10.7152	26533.5	10228.3
10.9648	26676.8	10280.1
11.2202	26820.8	10332.3
11.4815	26965.6	10384.8
11.749	27111.1	10437.6
12.0226	27257.4	10490.6
12.3027	27404.4	10544
12.5893	27552.1	10597.8
12.8825	27700.7	10651.8
13.1826	27850	10706.1
13.4896	28000	10760.8
13.8038	28150.8	10815.8
14.1254	28302.4	10871.1
14.4544	28454.8	10926.7
14.7911	28608	10982.6
15.1356	28762	11038.9
15.4882	28916.7	11095.5
15.8489	29072.3	11152.4
16.2181	29228.6	11209.6
16.5959	29385.8	11267.2
16.9824	29543.8	11325.1
17.378	29702.6	11383.3
17.7828	29862.2	11441.9
18.197	30022.6	11500.8
18.6209	30183.9	11560
19.0546	30346	11619.6
19.4984	30509	11679.5
19.9526	30672.8	11739.8
20.4174	30837.4	11800.4
20.893	31002.9	11861.3
21.3796	31169.3	11922.6
21.8776	31336.5	11984.2
22.3872	31504.6	12046.2
22.9087	31673.6	12108.6
23.4423	31843.4	12171.2
23.9883	32014.2	12234.3
24.5471	32185.8	12297.7
25.1189	32358.3	12361.4
25.704	32531.7	12425.5
26.3027	32706.1	12490
26.9153	32881.3	12554.8
27.5423	33057.4	12620
28.1838	33234.5	12685.6
28.8403	33412.5	12751.5
29.5121	33591.4	12817.8
30.1995	33771.3	12884.5
30.903	33952	12951.5
31.6228	34133.8	13018.9
32.3594	34316.5	13086.7
33.1131	34500.1	13154.9
33.8844	34684.7	13223.4
34.6737	34870.3	13292.4
35.4813	35056.8	13361.7
36.3078	35244.3	13431.4
37.1535	35432.8	13501.5
38.0189	35622.3	13571.9
38.9045	35812.8	13642.8
39.8107	36004.3	13714
40.738	36196.8	13785.7
41.6869	36390.3	13857.7
42.658	36584.8	13930.2
43.6516	36780.3	14003
44.6684	36976.8	14076.3
45.7088	37174.4	14149.9
46.7735	37373.1	14224
47.863	37572.7	14298.4
48.9779	37773.4	14373.3
50.1187	37975.2	14448.6
51.2861	38178	14524.3
52.4807	38381.9	14600.4
53.7032	38586.9	14676.9
54.9541	38792.9	14753.9
56.2341	39000	14831.2
57.544	39208.3	14909
58.8844	39417.6	14987.2
60.256	39628	15065.9
61.6595	39839.5	15145
63.0957	40052.1	15224.5
64.5654	40265.9	15304.4
66.0693	40480.8	15384.8
67.6083	40696.8	15465.7
69.1831	40913.9	15546.9
70.7946	41132.2	15628.6
72.4436	41351.7	15710.8
74.131	41572.3	15793.4
75.8578	41794	15876.4
77.6247	42016.9	15959.9
79.4328	42241	16043.9
81.2831	42466.3	16128.3
83.1764	42692.8	16213.2
85.1138	42920.5	16298.5
87.0964	43149.3	16384.3
89.1251	43379.4	16470.6
91.2011	43610.7	16557.3
93.3254	43843.2	16644.5
95.4993	44077	16732.2
97.7237	44311.9	16820.4
100	44548.1	16909
102.329	44785.6	16998.1
104.713	45024.3	17087.7
107.152	45264.3	17177.8
109.648	45505.5	17268.4
112.202	45748	17359.4
114.815	45991.8	17451
117.49	46236.9	17543
120.226	46483.3	17635.6
123.027	46731	17728.6
125.893	46980	17822.2
128.825	47230.3	17916.2
131.826	47481.9	18010.8
134.896	47734.9	18105.9
138.038	47989.1	18201.5
141.254	48244.8	18297.6
144.544	48501.8	18394.2
147.911	48760.1	18491.4
151.356	49019.8	18589
154.882	49280.9	18687.2
158.489	49543.4	18785.9
162.181	49807.3	18885.2
165.959	50072.5	18985
169.824	50339.2	19085.3
173.78	50607.3	19186.2
177.828	50876.8	19287.6
181.97	51147.7	19389.6
186.209	51420	19492.1
190.546	51693.8	19595.1
194.984	51969	19698.8
199.526	52245.7	19802.9
204.174	52523.9	19907.7
208.93	52803.5	20013
213.796	53084.7	20118.8
218.776	53367.3	20225.3
223.872	53651.4	20332.3
229.087	53937	20439.8
234.423	54224.1	20548
239.883	54512.7	20656.7
245.471	54802.9	20766
251.189	55094.6	20876
257.04	55387.9	20986.5
263.027	55682.7	21097.5
269.153	55979	21209.2
275.423	56277	21321.5
281.838	56576.5	21434.4
288.403	56877.6	21547.9
295.121	57180.3	21662
301.995	57484.6	21776.7
309.03	57790.5	21892
316.228	58098	22008
323.594	58407.2	22124.6
331.131	58718	22241.8
338.844	59030.5	22359.6
346.737	59344.6	22478
354.813	59660.3	22597.1
363.078	59977.8	22716.8
371.535	60296.9	22837.2
380.189	60617.8	22958.2
389.045	60940.3	23079.9
398.107	61264.5	23202.2
407.38	61590.5	23325.1
416.869	61918.2	23448.8
426.58	62247.6	23573
436.516	62578.7	23698
446.684	62911.7	23823.6
457.088	63246.4	23949.9
467.735	63582.8	24076.9
478.63	63921.1	24204.5
489.779	64261.1	24332.8
501.187	64603	24461.8
512.861	64946.6	24591.5
524.807	65292.1	24721.9
537.032	65639.4	24853
549.541	65988.6	24984.8
562.341	66339.6	25117.3
575.44	66692.5	25250.5
588.844	67047.2	25384.4
602.56	67403.9	25519.1
616.595	67762.4	25654.4
630.957	68122.8	25790.5
645.654	68485.2	25927.3
660.693	68849.4	26064.8
676.083	69215.6	26203.1
691.831	69583.8	26342.1
707.946	69953.8	26481.8
724.436	70325.9	26622.3
741.31	70699.9	26763.6
758.578	71075.9	26905.6
776.247	71454	27048.3
794.328	71834	27191.8
812.831	72216	27336.1
831.764	72600.1	27481.2
851.138	72986.2	27627
870.964	73374.3	27773.6
891.251	73764.5	27921
912.011	74156.8	28069.2
933.254	74551.2	28218.1
954.993	74947.6	28367.9
977.237	75346.2	28518.4
1000	75746.9	28669.8
