0.037 12.4116733937552 215.052988836962
0.0428905223557471 16.1220771265332 248.60893649307
0.0497188353499688 20.9629850972125 287.288926735635
0.0576342383535012 27.2818624626627 331.824579425903
0.0668097996907379 35.5293070307394 383.02757089227
0.0774461407356374 46.2862833078387 441.786680663014
0.0897758224483296 60.2963631974788 509.058193936445
0.104068430262856 78.5025128462553 585.846702165135
0.120636468505852 102.086900311799 673.172698526493
0.139842193226179 132.510567367526 772.022943801616
0.162105532833626 171.547534444115 883.279710577412
0.187913269729484 221.305064223244 1007.62617626145
0.217829683683081 284.218759996247 1145.42800861664
0.252508889669041 363.008726788436 1296.59610219489
0.292709139929051 460.582516736559 1460.44265145987
0.339309402969148 579.873769174211 1635.55164183541
0.393328581988201 723.614009839346 1819.69347839427
0.455947792943764 894.049623941246 2009.81849571279
0.528536189359677 1092.63495466147 2202.16130836293
0.61268089852845 1319.75113310179 2392.47397264686
0.710221723656046 1574.51138327673 2576.38050125152
0.82329137070289 1854.70979882382 2749.81326385878
0.954362079470973 2156.94832344222 2909.46300992456
1.10629967851425 2476.93931562091 3053.16012748093
1.28242624576949 2809.93939769202 3180.11303534868
1.48659274496684 3151.23842344487 3290.95971587043
1.72326322599708 3496.61641856818 3387.63083722098
1.9976124302558 3842.69404526511 3473.0634775668
2.31563893508121 4187.13223349376 3550.83079209355
2.68429631116051 4528.67255019964 3624.75957175183
3.11164516062918 4867.04048821347 3698.59682762827
3.60702936013832 5202.75258065422 3775.76556124139
4.18128036240133 5536.87411772685 3859.22682528139
4.84695402322218 5870.77026137154 3951.4458400112
5.61860513216998 6205.88391416464 4054.44681529617
6.51310564944465 6543.56257548303 4169.93412054771
7.55001360710402 6884.94590811505 4299.45513976233
8.75200074058622 7230.91678813264 4444.5809990334
10.1453482005846 7582.11139344421 4607.08424668402
11.7605211838922 7938.97836797894 4789.09686841941
13.6328350473774 8301.87333874743 4993.23733637028
15.8032274695069 8671.17322859744 5222.701297044
18.3191535425363 9047.39501229849 5481.31641948234
21.2356233663383 9431.30569624731 5773.56717067649
24.6164048305989 9824.01395758257 6104.59924635259
28.5354178839168 10227.0384292848 6480.2156849933
33.0783507751547 10642.3523796613 6906.87727553764
38.3445336057572 11072.4089426841 7391.71896268273
44.4491101577953 11520.1547759312 7942.59194262677
51.5255554842158 11989.0429653248 8568.13841290398
59.7285943077851 12483.0582430138 9277.90276142267
69.2375840387948 13006.7692791132 10082.4794528555
80.2604363803743 13565.4240460446 10993.6939483225
93.0381632663369 14165.1050206545 12024.8085475831
107.850146527364 14812.9611417128 13190.7399352119
125.020246505473 15517.5327316577 14508.269353776
144.923883180109 16289.1837012445 15996.2196924172
167.996244632923 17140.6518980458 17675.5663945847
194.741802327295 18087.7229405796 19569.4410192855
225.74534125182 19150.0246024623 21702.9776774408
261.684746099107 20351.9267598704 24102.9437675367
303.345823046534 21723.5146927616 26797.0883172619
351.639481213511 23301.5794579284 29813.1356095655
407.621649463551 25130.5365840556 33177.3519126348
472.516364027107 27263.1429251415 36912.6242418441
547.742531750298 29760.8329962409 41036.0193421813
634.944954141341 32693.4466160023 45555.8469008932
736.030290547785 36138.0815038478 50468.3408758902
853.208746790456 40176.797231151 55754.1993737885
989.042400765812 44892.9462665592 61375.3787858548
1146.50122164399 50366.0401020795 67272.6972344657
1329.02800750846 56665.2897769711 73364.9208483594
1540.61366128259 63842.2813929129 79550.0223152031
1785.88445083272 71923.6094355284 85709.1513886486
2070.20316116815 80904.6004298115 91713.5043372462
2399.78635040598 90745.3945496013 97433.7448444604
2781.84027327309 101370.502952603 102751.013012519
3224.71844407939 112672.480406741 107568.031526073
3738.10428423721 124519.613654137 111818.567046305
4333.22284787001 136766.706381631 115473.66003184
5023.08625483792 149267.380928192 118543.599945894
5822.77819751274 161886.02045642 121075.452853283
6749.78374197236 174507.629355568 123146.806783208
7824.37163463579 187044.428282115 124857.047666318
9070.03747337893 199438.741940932 126317.764712864
10514.0174329574 211662.466322522 127643.789117739
12187.8837772155 223713.947515829 128945.986425796
14128.2351788084 235613.386023828 130326.397677827
16377.4969401063 247397.905911632 131875.797845029
18984.8486119137 259117.259553677 133673.307714289
22007.2992921557 270830.855531245 135787.400202435
25510.9341156709 282606.468483718 138277.486501622
29572.359189302 294520.663440986 141195.232131779
34280.3765654308 306660.670911692 144584.811601148
39737.925876839 319127.194727157 148481.437931946
46064.3350862591 332037.422798277 152907.680117622
53397.9295626978 345527.333288091 157867.297197781
61899.0565313379 359752.232714062 163336.576640691
71753.591025865 374884.321382968 169253.492893855
83177 391105.972440409 175505.447827927
