2.49924349700953e-06 13.5266974360114
2.99054100387485e-06 13.1655421569897
3.57841703161694e-06 12.8093225656694
4.28185683980746e-06 12.468084748205
5.12357778163195e-06 12.1534613142191
6.13076295320818e-06 11.8761940405793
7.33593906257786e-06 11.6444836851254
8.7780268688572e-06 11.4629693354469
1.05035981151269e-05 11.3322017717724
1.2568379547289e-05 11.2485530934559
1.50390525906754e-05 11.2045754822625
1.79954068043629e-05 11.1898623527235
2.15329166582805e-05 11.1924471806479
2.57658248492631e-05 11.2006726579702
3.08308317307127e-05 11.2052772008811
3.68915100047615e-05 11.2012421892756
4.41435872479446e-05 11.1888504360193
5.28212668677803e-05 11.1735378460115
6.32047916234352e-05 11.1644566396497
7.56294939718424e-05 11.1720388912629
9.04966255171725e-05 11.2050698433682
0.000108286315297104 11.2678080724033
0.000129573075389411 11.3576263418519
0.00015504435458724 11.4636266234524
0.000185522739327821 11.5667565117927
0.000221992518846161 11.6420144692667
0.000265631472466476 11.6630721202416
0.000317848905591298 11.6087033154827
0.000380331162747804 11.4689436676597
0.000455096087519946 11.2481317669024
0.000544558188131688 10.9632709480365
0.000651606613182035 10.6388316268679
0.000779698455732127 10.3007400073919
0.000932970398968665 9.97176710324104
0.001116372309003 9.66903457441959
0.00133582708914064 9.40329146990909
0.00159842195806127 9.17930528165623
0.00191263732917414 8.9968229362544
0.00228862068273099 8.85176488143905
0.00273851427530471 8.73747463318284
0.00327684726990174 8.6459335631377
0.00392100495041885 8.56888491922806
0.00469179017356832 8.49881619248885
0.00561409519017332 8.42974469835744
0.00671770553207759 8.35775183181882
0.00803826192592802 8.28122507731611
0.00961841129851385 8.20079463024886
0.0115091840449947 8.1189875158048
0.0137716420384338 8.03965614784827
0.0164788506025533 7.9672608596301
0.0197182381319107 7.90609332974953
0.0235944195626421 7.85952376244406
0.0282325748768124 7.82934728267023
0.0337824917480428 7.81530128454782
0.0404234028843011 7.81482730468554
0.048369774288221 7.82315393119663
0.0578782313648827 7.83377080125947
0.0692558465533848 7.83933226817031
0.0828700561284974 7.8329562820951
0.0991605264321856 7.80976417638093
0.118653352750981 7.76836590545148
0.141978049387191 7.71189836026339
0.169887879612613 7.64824833536426
0.203284182053805 7.58925914579006
0.243245479121375 7.54895868681715
0.291062307530285 7.54103534961793
0.348278895751161 7.57585455084421
0.416743034351938 7.65728532695908
0.498665749775857 7.77960833652205
0.596692708700487 7.92495277634602
0.713989658957649 8.06219380841731
0.854344666300166 8.14899137961161
1.0222904487176 8.13899378236742
1.22325075904677 7.99448431896377
1.46371554325442 7.69989508592505
1.75145053107028 7.26768139676589
2.09574802762969 6.73219915280078
2.5077270053581 6.13667572440211
3.00069218746439 5.52165578855551
3.59056371952419 4.9188752019305
4.29639130525325 4.34982316585877
5.14096941031361 3.82682239628292
6.15157340195352 3.35497944229874
7.3608403978645 2.93417368811749
8.8078232709745 2.56078066851774
10.5392518489093 2.2290687583789
12.6110420381368 1.93229216828563
15.0901016094526 1.66351835209326
18.0564909620464 1.41622166014375
21.6060086472996 1.18466818529234
25.8532851509417 0.964116433269179
30.935484846223 0.750864448590815
37.0167356714447 0.542181942551123
44.2934295867971 0.336170364914552
53.0005649869877 0.131591431723309
63.4193358957515 -0.0723041447761819
75.8862130327406 -0.275927729268385
90.8038100228084 -0.479474625589119
108.653885668282 -0.683015670023216
130.012902188252 -0.886562014664198
