1e-12 0.166786259868372 20.2337763585302
2.42446201708233e-12 0.166786259868381 20.2337763509189
5.87801607227491e-12 0.166786259868404 20.2337763324653
1.425102670303e-11 0.166786259868458 20.2337762877254
3.45510729459222e-11 0.166786259868591 20.2337761792553
8.37677640068292e-11 0.166786259868913 20.2337759162737
2.03091762090474e-10 0.166786259869693 20.2337752786849
4.92388263170674e-10 0.166786259871585 20.2337737328762
1.19377664171444e-09 0.166786259876176 20.2337699851284
2.89426612471675e-09 0.16678625988732 20.2337608988957
7.01703828670383e-09 0.16678625991443 20.2337388699008
1.70125427985259e-08 0.166786259980697 20.2336854627987
4.12462638290135e-08 0.166798088279402 14.9287180155287
1e-07 0.166812525430184 12.2374646671137
2.42446201708233e-07 0.166837031833755 9.9332243757094
5.87801607227492e-07 0.16687885040592 7.91407733408956
1.425102670303e-06 0.166946112726359 6.21194802835442
3.45510729459222e-06 0.167047705908795 4.85250248469551
8.37677640068292e-06 0.167196834117267 3.79823993863139
2.03091762090474e-05 0.167416771905986 2.97962630302232
4.92388263170674e-05 0.167743168409449 2.3398871562444
0.000119377664171444 0.168215029860035 1.85344921866696
0.000289426612471675 0.168884932944489 1.49599771806231
0.000701703828670383 0.169890173902427 1.22390952983779
0.00170125427985259 0.171529075707403 0.999670678843196
0.00412462638290135 0.174343294974763 0.801448877438109
0.01 0.178922578801499 0.628930613324127
0.0242446201708233 0.185324820865725 0.497261256944635
0.0587801607227492 0.193369756655713 0.408667735931668
0.1425102670303 0.203375041569512 0.352289586725476
0.345510729459222 0.218540752263655 0.310208631015234
0.837677640068293 0.246069026542292 0.270753126271542
2.03091762090474 0.284876767699562 0.240373911036425
4.92388263170674 0.347651052759667 0.214091354389754
11.9377664171444 0.459289637427364 0.185915817301126
28.9426612471675 0.609340333627653 0.161629356801529
70.1703828670384 0.795794576573956 0.143110813528345
170.125427985259 1.08424033685836 0.125512840749159
412.462638290136 1.56918268157946 0.10554392511229
1000 2.31917328124496 0.0824163714970756
